0 0 -3319.0279 0 -3319.0279 -653900.67 1173.4824
165 0 -3327.1095 0 -3327.1095 -0.0002707843 1135.3708
165 0 -3327.1095 0 -3327.1095 -0.00027078345 1135.3708
1400165 15427.717 -2620.9695 0 -2026.7012 4060264.6 1135.3708
1400165 15427.356 -2620.9695 0 -2026.7151 4060245 1135.3708
1400166 15427.356 -2621.4284 0 -2027.174 4047510.3 1135.5979
1400166 15427.356 -2621.4284 0 -2027.174 4047510.3 1135.5979
2400166 13337.265 -2580.3141 0 -2066.569 4132887.9 1135.5979
2400166 13336.91 -2580.3141 0 -2066.5827 4132868.6 1135.5979
2400167 13336.91 -2580.7998 0 -2067.0684 4119097.6 1135.8251
2400167 13336.91 -2580.7998 0 -2067.0684 4119097.6 1135.8251
2550867 1221.1776 -3151.0474 0 -3104.0082 854701.77 1135.8251
2550867 1221.1703 -3151.0474 0 -3104.0085 854701.37 1135.8251
2552217 1221.1703 -3202.3893 0 -3155.3504 65057.175 1167.8845
2552217 1221.1703 -3202.3893 0 -3155.3504 65057.175 1167.8845
3552217 305.85367 -3191.3485 0 -3179.5672 66624.49 1167.8845
3552217 305.84637 -3191.3485 0 -3179.5675 66624.105 1167.8845
3552687 305.84637 -3202.4636 0 -3190.6825 17079.836 1168.0394
