1   0             -370.4059       0             -370.4059      -660974.26    
5000   338.44319     -369.06104      0             -367.63196     -584893.69    
10000   360.16272     -369.29966      0             -367.77887     -604691.88    
15000   392.10335     -368.93742      0             -367.28177     -589828.8     
20000   288.21802     -368.84373      0             -367.62673     -586973.82    
25000   254.60267     -368.53894      0             -367.46389     -588335.35    
30000   328.00051     -368.70141      0             -367.31643     -590365.18    
35000   461.51102     -368.36962      0             -366.42089     -570684.49    
40000   393.15808     -368.147        0             -366.48689     -571921.1     
45000   406.97683     -368.56365      0             -366.84519     -581750.24    
50000   537.15288     -367.93938      0             -365.67126     -546720.41    
55000   469.6831      -367.87906      0             -365.89583     -563223.03    
60000   515.44599     -368.35574      0             -366.17927     -572881.16    
65000   337.62379     -367.80146      0             -366.37584     -579727.92    
70000   536.37767     -367.85526      0             -365.59041     -573118.26    
75000   519.887       -367.57229      0             -365.37707     -571738.26    
80000   455.72614     -367.68637      0             -365.76207     -573370.19    
85000   484.7789      -367.46357      0             -365.4166      -588529.08    
90000   558.41602     -366.59202      0             -364.23411     -538630.68    
95000   573.01919     -367.33726      0             -364.91769     -575304       
100000   543.63375     -366.68272      0             -364.38723     -539570.13    
105000   486.25342     -367.40755      0             -365.35435     -590085.64    
110000   668.36248     -366.79426      0             -363.9721      -543516.45    
115000   591.20261     -366.63968      0             -364.14332     -566733.89    
120000   661.25697     -367.08338      0             -364.29122     -563020.38    
125000   702.11792     -366.396        0             -363.4313      -549905.13    
130000   617.37095     -366.13069      0             -363.52385     -535439.37    
135000   539.84588     -365.53988      0             -363.26038     -519661.69    
140000   604.7201      -366.58601      0             -364.03259     -575975.59    
145000   769.57606     -366.1161       0             -362.86657     -550651.06    
150000   892.84995     -366.21816      0             -362.4481      -564227.55    
155000   588.41572     -365.39337      0             -362.90879     -556790.45    
160000   680.8815      -365.27265      0             -362.39763     -523880.82    
165000   827.87935     -365.36407      0             -361.86835     -541038.98    
170000   925.07442     -364.12632      0             -360.22019     -498824.3     
175000   791.16849     -365.17796      0             -361.83726     -529593.86    
180000   613.61729     -365.15052      0             -362.55953     -538393.06    
185000   853.76884     -364.60101      0             -360.99597     -508152.1     
190000   890.298       -364.49821      0             -360.73893     -517631.36    
195000   817.88857     -363.34341      0             -359.88988     -468563.77    
200000   813.26042     -362.87776      0             -359.44377     -453897.96    
205000   782.13979     -363.11567      0             -359.81308     -496366       
210000   613.43525     -364.14648      0             -361.55625     -529839.09    
215000   610.48747     -364.09063      0             -361.51285     -520582.56    
220000   872.30934     -364.83243      0             -361.14911     -568638.14    
225000   987.3707      -363.62695      0             -359.45778     -500565.2     
230000   930.49351     -363.61626      0             -359.68725     -508394.2     
235000   1025.4837     -363.23215      0             -358.90205     -508708.89    
240000   881.00048     -363.28505      0             -359.56503     -510984.27    
245000   935.70827     -363.77859      0             -359.82756     -524419.18    
250000   914.5727      -364.11217      0             -360.25039     -529912.78    
255000   987.55454     -363.6527       0             -359.48275     -533035.98    
260000   937.24001     -362.33648      0             -358.37899     -482203.75    
265000   1038.547      -361.73963      0             -357.35437     -464206.73    
270000   854.7006      -362.85271      0             -359.24373     -514407.48    
275000   978.6742      -362.69485      0             -358.5624      -499663.98    
280000   984.90401     -362.0919       0             -357.93315     -498357.94    
285000   1037.0634     -361.06915      0             -356.69015     -474359.83    
290000   883.43937     -360.30312      0             -356.5728      -451031.52    
295000   1021.05       -361.5198       0             -357.20842     -510245.35    
300000   865.1334      -361.13444      0             -357.48141     -477165.63    
305000   857.70294     -360.26733      0             -356.64568     -443368.95    
310000   917.32916     -361.25028      0             -357.37686     -480234.17    
315000   1051.0161     -360.72954      0             -356.29163     -479301.46    
320000   1176.1829     -360.3542       0             -355.38777     -469054.76    
325000   968.22066     -358.69356      0             -354.60525     -417656.76    
330000   1011.3272     -358.60949      0             -354.33916     -406792.94    
335000   1256.2729     -357.78734      0             -352.48273     -424320.29    
340000   1256.1874     -357.18731      0             -351.88307     -427788.41    
345000   1146.4519     -358.31421      0             -353.47332     -446470.16    
350000   919.50563     -356.84628      0             -352.96367     -444283.63    
355000   739.94797     -356.58276      0             -353.45833     -436228.3     
360000   1151.4026     -356.78195      0             -351.92015     -383425.93    
365000   1017.3839     -356.84966      0             -352.55376     -460933.44    
