1 50.741200 0.406037 0.000000
2 1.148150 1.616860 0.000000
3 2.540820 1.624730 0.000000
4 3.220560 51.195800 0.000000
5 50.722200 2.822820 0.000000
6 1.126280 4.054390 0.000000
7 2.534790 4.040260 0.000000
8 3.211870 2.839560 0.000000
9 0.440277 5.264820 0.000000
10 1.128410 6.475700 0.000000
11 2.533800 6.473730 0.000000
12 3.224750 5.247420 0.000000
13 0.437881 7.692230 0.000000
14 1.146870 8.907680 0.000000
15 2.533940 8.906480 0.000000
16 3.212000 7.687740 0.000000
17 0.441080 10.098800 0.000000
18 1.128730 11.305200 0.000000
19 2.531260 11.293600 0.000000
20 3.235590 10.101300 0.000000
21 0.407891 12.513700 0.000000
22 1.109500 13.723600 0.000000
23 2.507050 13.712600 0.000000
24 3.209300 12.507500 0.000000
25 0.437857 14.944300 0.000000
26 1.150100 16.153400 0.000000
27 2.543850 16.137200 0.000000
28 3.227050 14.924300 0.000000
29 0.421359 17.346200 0.000000
30 1.121160 18.545200 0.000000
31 2.515120 18.552200 0.000000
32 3.214240 17.347400 0.000000
33 50.694000 19.764600 0.000000
34 1.114940 20.972400 0.000000
35 2.504240 20.988400 0.000000
36 3.222440 19.764800 0.000000
37 50.703700 22.192500 0.000000
38 1.119810 23.396200 0.000000
39 2.509470 23.405300 0.000000
40 3.191700 22.193800 0.000000
41 0.412959 24.610800 0.000000
42 1.114310 25.818800 0.000000
43 2.507520 25.843700 0.000000
44 3.193490 24.625500 0.000000
45 0.414797 27.039500 0.000000
46 1.117330 28.243200 0.000000
47 2.505170 28.256500 0.000000
48 3.210670 27.048500 0.000000
49 0.423605 29.456900 0.000000
50 1.094290 30.662800 0.000000
51 2.503970 30.679900 0.000000
52 3.207300 29.477700 0.000000
53 50.663000 31.872300 0.000000
54 1.078920 33.084300 0.000000
55 2.483500 33.092800 0.000000
56 3.195770 31.886400 0.000000
57 50.682400 34.292800 0.000000
58 1.080400 35.518900 0.000000
59 2.493290 35.519800 0.000000
60 3.190140 34.302400 0.000000
61 50.673900 36.735500 0.000000
62 1.096910 37.957300 0.000000
63 2.490260 37.935500 0.000000
64 3.207010 36.726500 0.000000
65 50.671100 39.146300 0.000000
66 1.092480 40.340500 0.000000
67 2.499190 40.331700 0.000000
68 3.208810 39.146800 0.000000
69 50.687700 41.561300 0.000000
70 1.116840 42.771100 0.000000
71 2.498960 42.757800 0.000000
72 3.204060 41.537000 0.000000
73 0.417473 43.976200 0.000000
74 1.110630 45.172500 0.000000
75 2.499840 45.178500 0.000000
76 3.194680 43.956900 0.000000
77 0.420558 46.378800 0.000000
78 1.123100 47.586400 0.000000
79 2.524110 47.588700 0.000000
80 3.207990 46.366300 0.000000
81 0.412652 48.787300 0.000000
82 1.141200 49.992300 0.000000
83 2.541650 49.989000 0.000000
84 3.235610 48.787500 0.000000
85 4.614090 0.416021 0.000000
86 5.309790 1.613670 0.000000
87 6.707570 1.645890 0.000000
88 7.402610 51.227300 0.000000
89 4.602150 2.818840 0.000000
90 5.320510 4.034140 0.000000
91 6.735450 4.052460 0.000000
92 7.408550 2.830470 0.000000
93 4.623910 5.243090 0.000000
94 5.323690 6.482470 0.000000
95 6.734070 6.477070 0.000000
96 7.427070 5.259680 0.000000
97 4.592480 7.689130 0.000000
98 5.311730 8.903740 0.000000
99 6.719030 8.890810 0.000000
100 7.416640 7.697390 0.000000
101 4.622530 10.102700 0.000000
102 5.312650 11.303100 0.000000
103 6.708150 11.294000 0.000000
104 7.428090 10.096100 0.000000
105 4.608540 12.510900 0.000000
106 5.309860 13.723200 0.000000
107 6.701980 13.718800 0.000000
108 7.404770 12.496500 0.000000
109 4.623380 14.918800 0.000000
110 5.307910 16.139900 0.000000
111 6.719290 16.157600 0.000000
112 7.408870 14.922900 0.000000
113 4.601730 17.349300 0.000000
114 5.316060 18.555900 0.000000
115 6.705380 18.570600 0.000000
116 7.428700 17.352600 0.000000
117 4.608930 19.756700 0.000000
118 5.301940 20.980600 0.000000
119 6.707210 20.983900 0.000000
120 7.391520 19.784300 0.000000
121 4.600800 22.197900 0.000000
122 5.308340 23.410000 0.000000
123 6.712350 23.390400 0.000000
124 7.398530 22.171900 0.000000
125 4.597810 24.611400 0.000000
126 5.309080 25.838700 0.000000
127 6.704130 25.807300 0.000000
128 7.393160 24.603100 0.000000
129 4.604230 27.057600 0.000000
130 5.312340 28.246600 0.000000
131 6.703110 28.225700 0.000000
132 7.401590 27.025400 0.000000
133 4.619340 29.468000 0.000000
134 5.299830 30.678400 0.000000
135 6.702050 30.682400 0.000000
136 7.402320 29.469800 0.000000
137 4.591990 31.903600 0.000000
138 5.322160 33.107900 0.000000
139 6.704400 33.089900 0.000000
140 7.416240 31.882100 0.000000
141 4.588890 34.321200 0.000000
142 5.294830 35.520100 0.000000
143 6.701250 35.515300 0.000000
144 7.409570 34.307700 0.000000
145 4.610720 36.730200 0.000000
146 5.316120 37.931500 0.000000
147 6.708360 37.936500 0.000000
148 7.388680 36.727200 0.000000
149 4.598460 39.153700 0.000000
150 5.317870 40.359800 0.000000
151 6.706210 40.350000 0.000000
152 7.406430 39.141700 0.000000
153 4.625190 41.565200 0.000000
154 5.297470 42.770700 0.000000
155 6.709500 42.747100 0.000000
156 7.412070 41.552200 0.000000
157 4.597200 43.984500 0.000000
158 5.303070 45.186300 0.000000
159 6.701780 45.185200 0.000000
160 7.412160 43.976200 0.000000
161 4.621780 46.386700 0.000000
162 5.328160 47.581300 0.000000
163 6.715420 47.601400 0.000000
164 7.389620 46.397900 0.000000
165 4.624250 48.788700 0.000000
166 5.320130 50.005500 0.000000
167 6.717720 50.021500 0.000000
168 7.425830 48.799200 0.000000
169 8.796050 0.421299 0.000000
170 9.523980 1.633060 0.000000
171 10.912100 1.629030 0.000000
172 11.598100 51.229100 0.000000
173 8.811930 2.828800 0.000000
174 9.501620 4.034150 0.000000
175 10.904700 4.053480 0.000000
176 11.606700 2.860970 0.000000
177 8.818600 5.252320 0.000000
178 9.524990 6.462980 0.000000
179 10.924500 6.478790 0.000000
180 11.616700 5.258540 0.000000
181 8.819180 7.669520 0.000000
182 9.521070 8.882310 0.000000
183 10.913800 8.894150 0.000000
184 11.590200 7.690590 0.000000
185 8.817310 10.086200 0.000000
186 9.511040 11.298700 0.000000
187 10.901500 11.308200 0.000000
188 11.597000 10.102200 0.000000
189 8.800530 12.512600 0.000000
190 9.502880 13.713800 0.000000
191 10.892500 13.722400 0.000000
192 11.599800 12.520800 0.000000
193 8.808810 14.923500 0.000000
194 9.492890 16.137700 0.000000
195 10.889400 16.123300 0.000000
196 11.590900 14.920400 0.000000
197 8.810720 17.356200 0.000000
198 9.513340 18.568100 0.000000
199 10.902400 18.567000 0.000000
200 11.589600 17.357500 0.000000
201 8.799340 19.776200 0.000000
202 9.493540 20.990400 0.000000
203 10.879300 20.976700 0.000000
204 11.597700 19.768800 0.000000
205 8.787420 22.202300 0.000000
206 9.490900 23.405300 0.000000
207 10.884300 23.391300 0.000000
208 11.590600 22.186300 0.000000
209 8.779520 24.619600 0.000000
210 9.467500 25.840600 0.000000
211 10.858600 25.833200 0.000000
212 11.577200 24.613100 0.000000
213 8.791220 27.034700 0.000000
214 9.486980 28.250700 0.000000
215 10.890400 28.243200 0.000000
216 11.559400 27.023900 0.000000
217 8.799160 29.475900 0.000000
218 9.510400 30.679400 0.000000
219 10.895300 30.676900 0.000000
220 11.591800 29.464400 0.000000
221 8.821840 31.893600 0.000000
222 9.525490 33.098800 0.000000
223 10.913300 33.083800 0.000000
224 11.587300 31.873800 0.000000
225 8.805140 34.292300 0.000000
226 9.493900 35.501000 0.000000
227 10.886400 35.513500 0.000000
228 11.588500 34.309600 0.000000
229 8.783550 36.706300 0.000000
230 9.482040 37.910500 0.000000
231 10.882400 37.928000 0.000000
232 11.573800 36.728000 0.000000
233 8.793990 39.128800 0.000000
234 9.503100 40.339900 0.000000
235 10.903700 40.329800 0.000000
236 11.595300 39.125500 0.000000
237 8.798750 41.551300 0.000000
238 9.513310 42.761400 0.000000
239 10.903800 42.755900 0.000000
240 11.591600 41.529000 0.000000
241 8.808080 43.965800 0.000000
242 9.476580 45.182700 0.000000
243 10.896600 45.180300 0.000000
244 11.574800 43.964700 0.000000
245 8.790000 46.402200 0.000000
246 9.505260 47.589100 0.000000
247 10.893100 47.595000 0.000000
248 11.600600 46.395400 0.000000
249 8.809210 48.802600 0.000000
250 9.478440 50.017300 0.000000
251 10.897500 50.008800 0.000000
252 11.591700 48.801900 0.000000
253 12.978900 0.415958 0.000000
254 13.677800 1.622030 0.000000
255 15.071000 1.646650 0.000000
256 15.769700 0.446281 0.000000
257 13.014500 2.845880 0.000000
258 13.698900 4.071200 0.000000
259 15.078300 4.063520 0.000000
260 15.784300 2.849700 0.000000
261 12.988800 5.294880 0.000000
262 13.677500 6.496340 0.000000
263 15.072100 6.492150 0.000000
264 15.764800 5.278610 0.000000
265 12.985800 7.715340 0.000000
266 13.701600 8.908420 0.000000
267 15.089700 8.911000 0.000000
268 15.775000 7.696570 0.000000
269 12.990900 10.115400 0.000000
270 13.686200 11.318100 0.000000
271 15.086100 11.311100 0.000000
272 15.794900 10.100800 0.000000
273 12.997300 12.542800 0.000000
274 13.689500 13.751600 0.000000
275 15.100000 13.756900 0.000000
276 15.783800 12.526900 0.000000
277 12.994200 14.949800 0.000000
278 13.714700 16.160500 0.000000
279 15.116100 16.157300 0.000000
280 15.805400 14.940500 0.000000
281 12.989600 17.365300 0.000000
282 13.688100 18.582700 0.000000
283 15.078000 18.577200 0.000000
284 15.810800 17.371500 0.000000
285 12.989000 19.782800 0.000000
286 13.703700 20.980300 0.000000
287 15.085400 20.993200 0.000000
288 15.773500 19.791800 0.000000
289 12.987200 22.193000 0.000000
290 13.688600 23.407400 0.000000
291 15.091100 23.403800 0.000000
292 15.778000 22.187500 0.000000
293 12.967700 24.600500 0.000000
294 13.674200 25.815500 0.000000
295 15.061900 25.794900 0.000000
296 15.788700 24.603900 0.000000
297 12.958000 27.024700 0.000000
298 13.670800 28.240200 0.000000
299 15.067900 28.236600 0.000000
300 15.762600 27.021800 0.000000
301 12.989000 29.461100 0.000000
302 13.689600 30.662900 0.000000
303 15.086000 30.665900 0.000000
304 15.781100 29.440000 0.000000
305 12.988200 31.881800 0.000000
306 13.666800 33.103400 0.000000
307 15.065400 33.083100 0.000000
308 15.774500 31.879300 0.000000
309 12.986900 34.304000 0.000000
310 13.682200 35.506900 0.000000
311 15.091800 35.496000 0.000000
312 15.776300 34.278700 0.000000
313 12.978400 36.715200 0.000000
314 13.669500 37.916800 0.000000
315 15.068700 37.913600 0.000000
316 15.780900 36.720200 0.000000
317 12.989200 39.141300 0.000000
318 13.679300 40.355800 0.000000
319 15.069500 40.353800 0.000000
320 15.762800 39.141400 0.000000
321 12.987300 41.557700 0.000000
322 13.693200 42.760500 0.000000
323 15.076500 42.761300 0.000000
324 15.776600 41.551300 0.000000
325 12.977200 43.965900 0.000000
326 13.684300 45.169200 0.000000
327 15.107400 45.169200 0.000000
328 15.786500 43.955100 0.000000
329 13.003800 46.390900 0.000000
330 13.694300 47.594000 0.000000
331 15.078500 47.617100 0.000000
332 15.780800 46.383700 0.000000
333 12.997100 48.830100 0.000000
334 13.707200 50.023400 0.000000
335 15.094300 50.052000 0.000000
336 15.775700 48.828700 0.000000
337 17.172200 51.250400 0.000000
338 17.873500 1.650790 0.000000
339 19.272200 1.642280 0.000000
340 19.943000 51.228300 0.000000
341 17.171600 2.860660 0.000000
342 17.878100 4.057420 0.000000
343 19.274600 4.027230 0.000000
344 19.992200 2.834280 0.000000
345 17.187200 5.275670 0.000000
346 17.862800 6.487640 0.000000
347 19.257600 6.463630 0.000000
348 19.970400 5.248860 0.000000
349 17.162800 7.684670 0.000000
350 17.889400 8.904220 0.000000
351 19.270100 8.872250 0.000000
352 19.961400 7.662670 0.000000
353 17.190200 10.101000 0.000000
354 17.897400 11.319000 0.000000
355 19.295500 11.299100 0.000000
356 19.978300 10.082900 0.000000
357 17.187000 12.538300 0.000000
358 17.895900 13.741300 0.000000
359 19.303500 13.727700 0.000000
360 19.985100 12.509300 0.000000
361 17.195400 14.947500 0.000000
362 17.885300 16.161000 0.000000
363 19.284800 16.159200 0.000000
364 19.977100 14.954800 0.000000
365 17.183900 17.377300 0.000000
366 17.889500 18.578300 0.000000
367 19.277200 18.593900 0.000000
368 19.960300 17.367200 0.000000
369 17.178600 19.787500 0.000000
370 17.891800 20.994800 0.000000
371 19.287600 20.987400 0.000000
372 19.984500 19.796300 0.000000
373 17.162700 22.176800 0.000000
374 17.863400 23.389100 0.000000
375 19.267800 23.397100 0.000000
376 19.974000 22.208300 0.000000
377 17.176000 24.600300 0.000000
378 17.860600 25.814100 0.000000
379 19.250800 25.795100 0.000000
380 19.977400 24.612700 0.000000
381 17.170200 27.028400 0.000000
382 17.857000 28.227900 0.000000
383 19.257100 28.250400 0.000000
384 19.928800 27.038100 0.000000
385 17.158900 29.439900 0.000000
386 17.878600 30.655700 0.000000
387 19.269900 30.661600 0.000000
388 19.974100 29.457500 0.000000
389 17.190800 31.890700 0.000000
390 17.882000 33.106500 0.000000
391 19.272300 33.103700 0.000000
392 19.971900 31.880800 0.000000
393 17.183100 34.303300 0.000000
394 17.873600 35.507900 0.000000
395 19.278200 35.517100 0.000000
396 19.969900 34.298500 0.000000
397 17.166500 36.733800 0.000000
398 17.865700 37.929400 0.000000
399 19.272200 37.919000 0.000000
400 19.975500 36.730200 0.000000
401 17.161700 39.127900 0.000000
402 17.864000 40.329400 0.000000
403 19.285900 40.325100 0.000000
404 19.953100 39.125500 0.000000
405 17.178700 41.533100 0.000000
406 17.875200 42.745900 0.000000
407 19.256200 42.743700 0.000000
408 19.956900 41.536100 0.000000
409 17.172600 43.944600 0.000000
410 17.866500 45.174400 0.000000
411 19.251200 45.165000 0.000000
412 19.960500 43.947300 0.000000
413 17.176600 46.375300 0.000000
414 17.859700 47.582300 0.000000
415 19.257600 47.605600 0.000000
416 19.952500 46.375800 0.000000
417 17.163900 48.804600 0.000000
418 17.848400 50.032700 0.000000
419 19.237200 50.045900 0.000000
420 19.937100 48.832200 0.000000
421 21.335200 0.404853 0.000000
422 22.067000 1.618510 0.000000
423 23.452200 1.622460 0.000000
424 24.169200 0.415894 0.000000
425 21.391500 2.842240 0.000000
426 22.068900 4.062200 0.000000
427 23.462900 4.052330 0.000000
428 24.145500 2.821610 0.000000
429 21.378800 5.260050 0.000000
430 22.072300 6.481770 0.000000
431 23.470800 6.480830 0.000000
432 24.162400 5.265310 0.000000
433 21.366900 7.664930 0.000000
434 22.081300 8.882010 0.000000
435 23.488600 8.891350 0.000000
436 24.169800 7.668040 0.000000
437 21.384000 10.087700 0.000000
438 22.083300 11.315200 0.000000
439 23.471000 11.320400 0.000000
440 24.170800 10.095700 0.000000
441 21.381100 12.521100 0.000000
442 22.074600 13.739400 0.000000
443 23.466600 13.739000 0.000000
444 24.150800 12.529100 0.000000
445 21.378300 14.947100 0.000000
446 22.049000 16.168200 0.000000
447 23.448400 16.156200 0.000000
448 24.169900 14.951900 0.000000
449 21.361700 17.389500 0.000000
450 22.076500 18.586600 0.000000
451 23.477500 18.577400 0.000000
452 24.159700 17.367900 0.000000
453 21.371000 19.796200 0.000000
454 22.075300 21.005300 0.000000
455 23.458500 20.985500 0.000000
456 24.167100 19.775100 0.000000
457 21.371200 22.217000 0.000000
458 22.063300 23.426700 0.000000
459 23.462900 23.407200 0.000000
460 24.174800 22.195400 0.000000
461 21.369500 24.635600 0.000000
462 22.048900 25.836000 0.000000
463 23.449300 25.839800 0.000000
464 24.160800 24.620000 0.000000
465 21.337200 27.032500 0.000000
466 22.050400 28.234900 0.000000
467 23.466900 28.243700 0.000000
468 24.166200 27.018500 0.000000
469 21.358600 29.463500 0.000000
470 22.074400 30.677800 0.000000
471 23.465400 30.679400 0.000000
472 24.158800 29.461800 0.000000
473 21.364100 31.877000 0.000000
474 22.049500 33.108700 0.000000
475 23.446400 33.103000 0.000000
476 24.158600 31.897100 0.000000
477 21.353400 34.313100 0.000000
478 22.067300 35.510500 0.000000
479 23.459400 35.511200 0.000000
480 24.168000 34.293500 0.000000
481 21.368800 36.731200 0.000000
482 22.060000 37.947100 0.000000
483 23.466200 37.922600 0.000000
484 24.158200 36.713000 0.000000
485 21.347100 39.150600 0.000000
486 22.062700 40.351000 0.000000
487 23.459200 40.342200 0.000000
488 24.147200 39.125900 0.000000
489 21.358700 41.571300 0.000000
490 22.044100 42.766200 0.000000
491 23.437500 42.764900 0.000000
492 24.151300 41.564600 0.000000
493 21.346000 43.962600 0.000000
494 22.032600 45.182700 0.000000
495 23.444400 45.157500 0.000000
496 24.153100 43.950800 0.000000
497 21.353700 46.401300 0.000000
498 22.055800 47.601400 0.000000
499 23.437500 47.589600 0.000000
500 24.139600 46.382000 0.000000
501 21.341600 48.805600 0.000000
502 22.056400 50.008800 0.000000
503 23.443300 50.016300 0.000000
504 24.139800 48.800400 0.000000
505 25.561000 51.212300 0.000000
506 26.259400 1.613940 0.000000
507 27.646300 1.603650 0.000000
508 28.340800 0.393245 0.000000
509 25.561000 2.819980 0.000000
510 26.266500 4.028500 0.000000
511 27.657000 4.033020 0.000000
512 28.362100 2.814830 0.000000
513 25.580900 5.252140 0.000000
514 26.277200 6.455950 0.000000
515 27.668400 6.466900 0.000000
516 28.354900 5.253100 0.000000
517 25.564600 7.670370 0.000000
518 26.248800 8.877450 0.000000
519 27.661100 8.881110 0.000000
520 28.349000 7.671180 0.000000
521 25.566300 10.078900 0.000000
522 26.275300 11.279700 0.000000
523 27.671100 11.318900 0.000000
524 28.373300 10.087900 0.000000
525 25.553500 12.512800 0.000000
526 26.259900 13.714700 0.000000
527 27.654700 13.731700 0.000000
528 28.359600 12.538000 0.000000
529 25.565100 14.922100 0.000000
530 26.277800 16.134500 0.000000
531 27.667400 16.155100 0.000000
532 28.357000 14.940900 0.000000
533 25.571400 17.347200 0.000000
534 26.261800 18.561000 0.000000
535 27.661100 18.565400 0.000000
536 28.360700 17.352900 0.000000
537 25.561000 19.767900 0.000000
538 26.255900 20.977900 0.000000
539 27.664600 20.980100 0.000000
540 28.357900 19.769400 0.000000
541 25.570900 22.195800 0.000000
542 26.264600 23.396900 0.000000
543 27.672100 23.404500 0.000000
544 28.367900 22.192100 0.000000
545 25.566300 24.607800 0.000000
546 26.275300 25.809500 0.000000
547 27.661000 25.831400 0.000000
548 28.360800 24.628700 0.000000
549 25.571300 27.022600 0.000000
550 26.251500 28.242600 0.000000
551 27.664700 28.242600 0.000000
552 28.364100 27.029700 0.000000
553 25.554700 29.459700 0.000000
554 26.243600 30.675200 0.000000
555 27.660500 30.652200 0.000000
556 28.358800 29.443400 0.000000
557 25.553300 31.895900 0.000000
558 26.261900 33.096600 0.000000
559 27.652600 33.089000 0.000000
560 28.346100 31.876800 0.000000
561 25.559500 34.303300 0.000000
562 26.250500 35.519000 0.000000
563 27.656100 35.491500 0.000000
564 28.371800 34.279700 0.000000
565 25.545000 36.725600 0.000000
566 26.238500 37.941400 0.000000
567 27.636200 37.912900 0.000000
568 28.341500 36.713200 0.000000
569 25.557400 39.147500 0.000000
570 26.243100 40.349200 0.000000
571 27.628100 40.319500 0.000000
572 28.312300 39.121300 0.000000
573 25.535800 41.527600 0.000000
574 26.250400 42.733100 0.000000
575 27.646000 42.745200 0.000000
576 28.336700 41.524100 0.000000
577 25.539500 43.952200 0.000000
578 26.248500 45.151700 0.000000
579 27.631400 45.159200 0.000000
580 28.343600 43.940300 0.000000
581 25.542800 46.359100 0.000000
582 26.251400 47.567200 0.000000
583 27.649500 47.580800 0.000000
584 28.331200 46.365100 0.000000
585 25.540900 48.774600 0.000000
586 26.233700 49.987400 0.000000
587 27.635600 49.988600 0.000000
588 28.351500 48.780000 0.000000
589 29.743900 0.400981 0.000000
590 30.470000 1.604350 0.000000
591 31.856600 1.630280 0.000000
592 32.534400 0.381251 0.000000
593 29.754400 2.816060 0.000000
594 30.448700 4.042200 0.000000
595 31.859000 4.042090 0.000000
596 32.555500 2.836850 0.000000
597 29.740200 5.249310 0.000000
598 30.432000 6.450890 0.000000
599 31.831200 6.465270 0.000000
600 32.555200 5.253690 0.000000
601 29.749400 7.672970 0.000000
602 30.448100 8.887100 0.000000
603 31.847900 8.892910 0.000000
604 32.528000 7.681150 0.000000
605 29.763700 10.101100 0.000000
606 30.465000 11.296100 0.000000
607 31.847400 11.305200 0.000000
608 32.533800 10.102300 0.000000
609 29.750400 12.503900 0.000000
610 30.460900 13.723600 0.000000
611 31.855800 13.720700 0.000000
612 32.552500 12.503300 0.000000
613 29.754500 14.938100 0.000000
614 30.453300 16.140300 0.000000
615 31.850200 16.137400 0.000000
616 32.562000 14.942200 0.000000
617 29.748100 17.351800 0.000000
618 30.442500 18.548400 0.000000
619 31.844100 18.558200 0.000000
620 32.556600 17.359400 0.000000
621 29.759000 19.764600 0.000000
622 30.483700 20.985300 0.000000
623 31.866000 20.964900 0.000000
624 32.566800 19.747000 0.000000
625 29.777300 22.193000 0.000000
626 30.457500 23.412400 0.000000
627 31.849600 23.389000 0.000000
628 32.541200 22.175100 0.000000
629 29.762100 24.629200 0.000000
630 30.461400 25.836600 0.000000
631 31.864700 25.810900 0.000000
632 32.566500 24.605800 0.000000
633 29.760100 27.039400 0.000000
634 30.451900 28.239500 0.000000
635 31.842300 28.238100 0.000000
636 32.549900 27.033100 0.000000
637 29.763500 29.444300 0.000000
638 30.432500 30.659200 0.000000
639 31.821000 30.679100 0.000000
640 32.519300 29.465700 0.000000
641 29.748000 31.869100 0.000000
642 30.458100 33.068700 0.000000
643 31.844000 33.088700 0.000000
644 32.541000 31.882800 0.000000
645 29.762100 34.278000 0.000000
646 30.454300 35.491200 0.000000
647 31.855600 35.480700 0.000000
648 32.541600 34.290400 0.000000
649 29.729700 36.690400 0.000000
650 30.435200 37.909800 0.000000
651 31.840700 37.907800 0.000000
652 32.533200 36.698000 0.000000
653 29.716700 39.127300 0.000000
654 30.425800 40.338500 0.000000
655 31.831000 40.325000 0.000000
656 32.550300 39.113000 0.000000
657 29.735500 41.534700 0.000000
658 30.437400 42.743300 0.000000
659 31.824600 42.775900 0.000000
660 32.537800 41.545300 0.000000
661 29.741900 43.953600 0.000000
662 30.446400 45.159400 0.000000
663 31.840700 45.178100 0.000000
664 32.513800 43.969200 0.000000
665 29.731100 46.375600 0.000000
666 30.452000 47.591600 0.000000
667 31.848700 47.579500 0.000000
668 32.545400 46.381000 0.000000
669 29.743200 48.794100 0.000000
670 30.439800 49.997400 0.000000
671 31.820500 50.012300 0.000000
672 32.522600 48.796200 0.000000
673 33.935400 51.216100 0.000000
674 34.654100 1.635430 0.000000
675 36.051900 1.631200 0.000000
676 36.735300 51.218300 0.000000
677 33.955300 2.832170 0.000000
678 34.642000 4.048640 0.000000
679 36.045100 4.050920 0.000000
680 36.734300 2.841850 0.000000
681 33.944600 5.257610 0.000000
682 34.630500 6.495170 0.000000
683 36.036600 6.476980 0.000000
684 36.734900 5.263190 0.000000
685 33.928200 7.697320 0.000000
686 34.640600 8.892130 0.000000
687 36.038000 8.926240 0.000000
688 36.719300 7.696070 0.000000
689 33.939800 10.098500 0.000000
690 34.644800 11.310800 0.000000
691 36.055600 11.327800 0.000000
692 36.734200 10.112800 0.000000
693 33.970200 12.522700 0.000000
694 34.654900 13.734600 0.000000
695 36.055300 13.759200 0.000000
696 36.747900 12.540600 0.000000
697 33.954700 14.946500 0.000000
698 34.657400 16.155400 0.000000
699 36.053900 16.147300 0.000000
700 36.771200 14.956800 0.000000
701 33.952800 17.357800 0.000000
702 34.679300 18.544700 0.000000
703 36.082800 18.548100 0.000000
704 36.779500 17.354300 0.000000
705 33.968200 19.756200 0.000000
706 34.636400 20.981400 0.000000
707 36.025700 20.993800 0.000000
708 36.743800 19.780800 0.000000
709 33.931000 22.197000 0.000000
710 34.639200 23.390400 0.000000
711 36.035500 23.392600 0.000000
712 36.751800 22.203000 0.000000
713 33.949000 24.600000 0.000000
714 34.652000 25.816300 0.000000
715 36.051000 25.839100 0.000000
716 36.747800 24.625600 0.000000
717 33.940500 27.018000 0.000000
718 34.645200 28.223800 0.000000
719 36.052900 28.229600 0.000000
720 36.756800 27.036400 0.000000
721 33.911700 29.454000 0.000000
722 34.627100 30.678000 0.000000
723 36.025600 30.663700 0.000000
724 36.726800 29.455200 0.000000
725 33.946000 31.903300 0.000000
726 34.646200 33.101700 0.000000
727 36.043600 33.073600 0.000000
728 36.726800 31.855300 0.000000
729 33.934700 34.309700 0.000000
730 34.619700 35.521600 0.000000
731 36.028900 35.522900 0.000000
732 36.718400 34.299900 0.000000
733 33.941300 36.714700 0.000000
734 34.644700 37.905100 0.000000
735 36.032100 37.924100 0.000000
736 36.753300 36.734100 0.000000
737 33.945000 39.120100 0.000000
738 34.619400 40.340500 0.000000
739 36.033500 40.350400 0.000000
740 36.730700 39.143800 0.000000
741 33.940000 41.555600 0.000000
742 34.641600 42.767300 0.000000
743 36.045000 42.768300 0.000000
744 36.738700 41.552100 0.000000
745 33.923900 43.976100 0.000000
746 34.641400 45.173400 0.000000
747 36.034700 45.181300 0.000000
748 36.738100 43.978400 0.000000
749 33.929500 46.364500 0.000000
750 34.628500 47.606000 0.000000
751 36.025600 47.619300 0.000000
752 36.736900 46.411200 0.000000
753 33.925200 48.802000 0.000000
754 34.641500 50.007200 0.000000
755 36.039700 50.023400 0.000000
756 36.737300 48.816400 0.000000
757 38.118800 0.430319 0.000000
758 38.833400 1.645360 0.000000
759 40.227800 1.635960 0.000000
760 40.913100 0.429097 0.000000
761 38.114700 2.851150 0.000000
762 38.822800 4.046080 0.000000
763 40.228500 4.038450 0.000000
764 40.936800 2.833360 0.000000
765 38.133800 5.255310 0.000000
766 38.816600 6.473780 0.000000
767 40.222000 6.453800 0.000000
768 40.926500 5.243480 0.000000
769 38.114500 7.682910 0.000000
770 38.825700 8.892970 0.000000
771 40.237400 8.887740 0.000000
772 40.927700 7.668590 0.000000
773 38.132600 10.116600 0.000000
774 38.846100 11.317800 0.000000
775 40.242600 11.294000 0.000000
776 40.940700 10.089900 0.000000
777 38.159800 12.534500 0.000000
778 38.871000 13.736600 0.000000
779 40.256400 13.734600 0.000000
780 40.945100 12.506500 0.000000
781 38.172200 14.934200 0.000000
782 38.865000 16.134200 0.000000
783 40.263000 16.151200 0.000000
784 40.956700 14.948600 0.000000
785 38.178600 17.344200 0.000000
786 38.844300 18.569500 0.000000
787 40.240500 18.568300 0.000000
788 40.934200 17.363900 0.000000
789 38.158200 19.770700 0.000000
790 38.837700 20.992400 0.000000
791 40.234300 20.971200 0.000000
792 40.943200 19.756000 0.000000
793 38.144300 22.198200 0.000000
794 38.854500 23.408100 0.000000
795 40.250600 23.392900 0.000000
796 40.953300 22.193500 0.000000
797 38.150000 24.613600 0.000000
798 38.849700 25.821200 0.000000
799 40.247900 25.808600 0.000000
800 40.938900 24.597300 0.000000
801 38.155100 27.042500 0.000000
802 38.824100 28.254300 0.000000
803 40.201100 28.245200 0.000000
804 40.916900 27.045700 0.000000
805 38.123900 29.450800 0.000000
806 38.813100 30.678900 0.000000
807 40.206400 30.679400 0.000000
808 40.882800 29.449100 0.000000
809 38.119500 31.878500 0.000000
810 38.836000 33.097900 0.000000
811 40.233800 33.103900 0.000000
812 40.899300 31.877000 0.000000
813 38.109700 34.297200 0.000000
814 38.813000 35.508400 0.000000
815 40.220600 35.515700 0.000000
816 40.909900 34.313000 0.000000
817 38.119400 36.728000 0.000000
818 38.836500 37.941100 0.000000
819 40.215400 37.937400 0.000000
820 40.929000 36.745400 0.000000
821 38.121200 39.130500 0.000000
822 38.805200 40.348000 0.000000
823 40.199900 40.342000 0.000000
824 40.920500 39.147700 0.000000
825 38.133200 41.569200 0.000000
826 38.839800 42.773700 0.000000
827 40.234100 42.787800 0.000000
828 40.899200 41.554600 0.000000
829 38.156100 43.992600 0.000000
830 38.839300 45.197900 0.000000
831 40.233500 45.192400 0.000000
832 40.920200 43.995200 0.000000
833 38.122200 46.399700 0.000000
834 38.826800 47.612700 0.000000
835 40.220700 47.596500 0.000000
836 40.937200 46.395000 0.000000
837 38.131400 48.820900 0.000000
838 38.821400 50.038500 0.000000
839 40.210200 50.030800 0.000000
840 40.915800 48.822800 0.000000
841 42.298700 0.428676 0.000000
842 43.017700 1.637770 0.000000
843 44.419400 1.646600 0.000000
844 45.099600 0.432572 0.000000
845 42.337900 2.839840 0.000000
846 43.035700 4.039500 0.000000
847 44.437600 4.042660 0.000000
848 45.123400 2.824150 0.000000
849 42.330000 5.252270 0.000000
850 43.010300 6.457850 0.000000
851 44.414000 6.432950 0.000000
852 45.129600 5.234830 0.000000
853 42.324800 7.683310 0.000000
854 43.049700 8.894720 0.000000
855 44.426000 8.870190 0.000000
856 45.108700 7.650300 0.000000
857 42.344400 10.087400 0.000000
858 43.039900 11.302800 0.000000
859 44.438500 11.311000 0.000000
860 45.142100 10.077400 0.000000
861 42.340200 12.522700 0.000000
862 43.031000 13.723500 0.000000
863 44.411900 13.725100 0.000000
864 45.124300 12.509200 0.000000
865 42.342100 14.925400 0.000000
866 43.021200 16.140800 0.000000
867 44.407200 16.137500 0.000000
868 45.108500 14.935200 0.000000
869 42.332700 17.360000 0.000000
870 43.055700 18.561000 0.000000
871 44.447200 18.564100 0.000000
872 45.133000 17.349900 0.000000
873 42.347300 19.765200 0.000000
874 43.033200 20.980100 0.000000
875 44.429800 20.969400 0.000000
876 45.143900 19.774300 0.000000
877 42.332600 22.181500 0.000000
878 43.022500 23.385500 0.000000
879 44.419900 23.385200 0.000000
880 45.135400 22.188300 0.000000
881 42.330200 24.607000 0.000000
882 43.007100 25.822300 0.000000
883 44.406500 25.828500 0.000000
884 45.111700 24.617600 0.000000
885 42.316100 27.038400 0.000000
886 42.995300 28.252700 0.000000
887 44.390200 28.250900 0.000000
888 45.093500 27.027300 0.000000
889 42.293900 29.461300 0.000000
890 43.018900 30.658700 0.000000
891 44.408800 30.676400 0.000000
892 45.094000 29.447000 0.000000
893 42.306800 31.875700 0.000000
894 43.010900 33.064700 0.000000
895 44.396500 33.086000 0.000000
896 45.093300 31.885600 0.000000
897 42.316800 34.298000 0.000000
898 43.012700 35.513900 0.000000
899 44.402600 35.503200 0.000000
900 45.096100 34.291000 0.000000
901 42.335200 36.740100 0.000000
902 43.009800 37.945800 0.000000
903 44.410300 37.935300 0.000000
904 45.097100 36.719900 0.000000
905 42.305900 39.144800 0.000000
906 42.997900 40.360100 0.000000
907 44.387400 40.357400 0.000000
908 45.102500 39.147900 0.000000
909 42.297000 41.556300 0.000000
910 42.986900 42.780400 0.000000
911 44.371800 42.774800 0.000000
912 45.071300 41.562200 0.000000
913 42.297600 43.998700 0.000000
914 43.022900 45.196200 0.000000
915 44.422100 45.183400 0.000000
916 45.100400 43.968000 0.000000
917 42.339200 46.406900 0.000000
918 43.027900 47.603600 0.000000
919 44.427600 47.612700 0.000000
920 45.124400 46.399500 0.000000
921 42.304000 48.823800 0.000000
922 43.013100 50.040900 0.000000
923 44.404100 50.031000 0.000000
924 45.113600 48.827900 0.000000
925 46.498600 51.218800 0.000000
926 47.203400 1.607080 0.000000
927 48.620800 1.611360 0.000000
928 49.330300 0.412749 0.000000
929 46.531100 2.822970 0.000000
930 47.214600 4.038900 0.000000
931 48.629900 4.035310 0.000000
932 49.316400 2.822430 0.000000
933 46.516100 5.238590 0.000000
934 47.213700 6.450560 0.000000
935 48.609000 6.451830 0.000000
936 49.307800 5.245220 0.000000
937 46.508200 7.659480 0.000000
938 47.228500 8.870930 0.000000
939 48.626400 8.888730 0.000000
940 49.320600 7.674090 0.000000
941 46.525400 10.090500 0.000000
942 47.229400 11.296400 0.000000
943 48.618900 11.295700 0.000000
944 49.330300 10.092600 0.000000
945 46.532200 12.525100 0.000000
946 47.218200 13.728300 0.000000
947 48.604100 13.727000 0.000000
948 49.312300 12.522100 0.000000
949 46.501900 14.927200 0.000000
950 47.221600 16.119900 0.000000
951 48.609400 16.139200 0.000000
952 49.331800 14.929500 0.000000
953 46.511600 17.324900 0.000000
954 47.223600 18.550000 0.000000
955 48.627200 18.555700 0.000000
956 49.313600 17.337500 0.000000
957 46.531300 19.774200 0.000000
958 47.235600 20.973900 0.000000
959 48.620600 20.977500 0.000000
960 49.309500 19.767400 0.000000
961 46.521200 22.200400 0.000000
962 47.207600 23.417400 0.000000
963 48.601300 23.422400 0.000000
964 49.287200 22.204200 0.000000
965 46.489800 24.619400 0.000000
966 47.199000 25.824300 0.000000
967 48.608300 25.832900 0.000000
968 49.304000 24.612900 0.000000
969 46.499100 27.034800 0.000000
970 47.216600 28.236500 0.000000
971 48.627300 28.239900 0.000000
972 49.321800 27.030600 0.000000
973 46.508200 29.426300 0.000000
974 47.196700 30.639400 0.000000
975 48.585500 30.646100 0.000000
976 49.314700 29.447600 0.000000
977 46.492300 31.875900 0.000000
978 47.194900 33.087500 0.000000
979 48.595000 33.070600 0.000000
980 49.274700 31.848000 0.000000
981 46.505500 34.279000 0.000000
982 47.191400 35.503000 0.000000
983 48.601700 35.503600 0.000000
984 49.287000 34.290800 0.000000
985 46.474100 36.709500 0.000000
986 47.170000 37.920800 0.000000
987 48.578200 37.935700 0.000000
988 49.287000 36.716700 0.000000
989 46.482200 39.155300 0.000000
990 47.182000 40.362700 0.000000
991 48.573200 40.373000 0.000000
992 49.263600 39.145400 0.000000
993 46.487600 41.589400 0.000000
994 47.192200 42.792400 0.000000
995 48.589800 42.773200 0.000000
996 49.300500 41.568900 0.000000
997 46.500800 43.995300 0.000000
998 47.207500 45.197900 0.000000
999 48.596500 45.159700 0.000000
1000 49.306000 43.949000 0.000000
1001 46.513200 46.419600 0.000000
1002 47.206000 47.619900 0.000000
1003 48.609900 47.587400 0.000000
1004 49.304000 46.380300 0.000000
1005 46.511600 48.825400 0.000000
1006 47.204300 50.023200 0.000000
1007 48.629000 50.019300 0.000000
1008 49.303800 48.811700 0.000000

