1 1 0 0 0
2 1 0.71 1.22976 0
3 1 2.13 1.22976 0
4 1 2.84 0 0
5 1 0 2.45951 0
6 1 0.71 3.68927 0
7 1 2.13 3.68927 0
8 1 2.84 2.45951 0
9 1 0 4.91902 0
10 1 0.71 6.14878 0
11 1 2.13 6.14878 0
12 1 2.84 4.91902 0
13 1 0 7.37854 0
14 1 0.71 8.60829 0
15 1 2.13 8.60829 0
16 1 2.84 7.37854 0
17 1 0 9.83805 0
18 1 0.71 11.0678 0
19 1 2.13 11.0678 0
20 1 2.84 9.83805 0
21 1 0 12.2976 0
22 1 0.71 13.5273 0
23 1 2.13 13.5273 0
24 1 2.84 12.2976 0
25 1 0 14.7571 0
26 1 0.71 15.9868 0
27 1 2.13 15.9868 0
28 1 2.84 14.7571 0
29 1 0 17.2166 0
30 1 0.71 18.4463 0
31 1 2.13 18.4463 0
32 1 2.84 17.2166 0
33 1 0 19.6761 0
34 1 0.71 20.9059 0
35 1 2.13 20.9059 0
36 1 2.84 19.6761 0
37 1 0 22.1356 0
38 1 0.71 23.3654 0
39 1 2.13 23.3654 0
40 1 2.84 22.1356 0
41 1 0 24.5951 0
42 1 0.71 25.8249 0
43 1 2.13 25.8249 0
44 1 2.84 24.5951 0
45 1 0 27.0546 0
46 1 0.71 28.2844 0
47 1 2.13 28.2844 0
48 1 2.84 27.0546 0
49 1 0 29.5141 0
50 1 0.71 30.7439 0
51 1 2.13 30.7439 0
52 1 2.84 29.5141 0
53 1 0 31.9737 0
54 1 0.71 33.2034 0
55 1 2.13 33.2034 0
56 1 2.84 31.9737 0
57 1 0 34.4332 0
58 1 0.71 35.6629 0
59 1 2.13 35.6629 0
60 1 2.84 34.4332 0
61 1 0 36.8927 0
62 1 0.71 38.1224 0
63 1 2.13 38.1224 0
64 1 2.84 36.8927 0
65 1 0 39.3522 0
66 1 0.71 40.582 0
67 1 2.13 40.582 0
68 1 2.84 39.3522 0
69 1 0 41.8117 0
70 1 0.71 43.0415 0
71 1 2.13 43.0415 0
72 1 2.84 41.8117 0
73 1 0 44.2712 0
74 1 0.71 45.501 0
75 1 2.13 45.501 0
76 1 2.84 44.2712 0
77 1 0 46.7307 0
78 1 0.71 47.9605 0
79 1 2.13 47.9605 0
80 1 2.84 46.7307 0
81 1 0 49.1902 0
82 1 0.71 50.42 0
83 1 2.13 50.42 0
84 1 2.84 49.1902 0
85 1 4.26 0 0
86 1 4.97 1.22976 0
87 1 6.39 1.22976 0
88 1 7.1 0 0
89 1 4.26 2.45951 0
90 1 4.97 3.68927 0
91 1 6.39 3.68927 0
92 1 7.1 2.45951 0
93 1 4.26 4.91902 0
94 1 4.97 6.14878 0
95 1 6.39 6.14878 0
96 1 7.1 4.91902 0
97 1 4.26 7.37854 0
98 1 4.97 8.60829 0
99 1 6.39 8.60829 0
100 1 7.1 7.37854 0
101 1 4.26 9.83805 0
102 1 4.97 11.0678 0
103 1 6.39 11.0678 0
104 1 7.1 9.83805 0
105 1 4.26 12.2976 0
106 1 4.97 13.5273 0
107 1 6.39 13.5273 0
108 1 7.1 12.2976 0
109 1 4.26 14.7571 0
110 1 4.97 15.9868 0
111 1 6.39 15.9868 0
112 1 7.1 14.7571 0
113 1 4.26 17.2166 0
114 1 4.97 18.4463 0
115 1 6.39 18.4463 0
116 1 7.1 17.2166 0
117 1 4.26 19.6761 0
118 1 4.97 20.9059 0
119 1 6.39 20.9059 0
120 1 7.1 19.6761 0
121 1 4.26 22.1356 0
122 1 4.97 23.3654 0
123 1 6.39 23.3654 0
124 1 7.1 22.1356 0
125 1 4.26 24.5951 0
126 1 4.97 25.8249 0
127 1 6.39 25.8249 0
128 1 7.1 24.5951 0
129 1 4.26 27.0546 0
130 1 4.97 28.2844 0
131 1 6.39 28.2844 0
132 1 7.1 27.0546 0
133 1 4.26 29.5141 0
134 1 4.97 30.7439 0
135 1 6.39 30.7439 0
136 1 7.1 29.5141 0
137 1 4.26 31.9737 0
138 1 4.97 33.2034 0
139 1 6.39 33.2034 0
140 1 7.1 31.9737 0
141 1 4.26 34.4332 0
142 1 4.97 35.6629 0
143 1 6.39 35.6629 0
144 1 7.1 34.4332 0
145 1 4.26 36.8927 0
146 1 4.97 38.1224 0
147 1 6.39 38.1224 0
148 1 7.1 36.8927 0
149 1 4.26 39.3522 0
150 1 4.97 40.582 0
151 1 6.39 40.582 0
152 1 7.1 39.3522 0
153 1 4.26 41.8117 0
154 1 4.97 43.0415 0
155 1 6.39 43.0415 0
156 1 7.1 41.8117 0
157 1 4.26 44.2712 0
158 1 4.97 45.501 0
159 1 6.39 45.501 0
160 1 7.1 44.2712 0
161 1 4.26 46.7307 0
162 1 4.97 47.9605 0
163 1 6.39 47.9605 0
164 1 7.1 46.7307 0
165 1 4.26 49.1902 0
166 1 4.97 50.42 0
167 1 6.39 50.42 0
168 1 7.1 49.1902 0
169 1 8.52 0 0
170 1 9.23 1.22976 0
171 1 10.65 1.22976 0
172 1 11.36 0 0
173 1 8.52 2.45951 0
174 1 9.23 3.68927 0
175 1 10.65 3.68927 0
176 1 11.36 2.45951 0
177 1 8.52 4.91902 0
178 1 9.23 6.14878 0
179 1 10.65 6.14878 0
180 1 11.36 4.91902 0
181 1 8.52 7.37854 0
182 1 9.23 8.60829 0
183 1 10.65 8.60829 0
184 1 11.36 7.37854 0
185 1 8.52 9.83805 0
186 1 9.23 11.0678 0
187 1 10.65 11.0678 0
188 1 11.36 9.83805 0
189 1 8.52 12.2976 0
190 1 9.23 13.5273 0
191 1 10.65 13.5273 0
192 1 11.36 12.2976 0
193 1 8.52 14.7571 0
194 1 9.23 15.9868 0
195 1 10.65 15.9868 0
196 1 11.36 14.7571 0
197 1 8.52 17.2166 0
198 1 9.23 18.4463 0
199 1 10.65 18.4463 0
200 1 11.36 17.2166 0
201 1 8.52 19.6761 0
202 1 9.23 20.9059 0
203 1 10.65 20.9059 0
204 1 11.36 19.6761 0
205 1 8.52 22.1356 0
206 1 9.23 23.3654 0
207 1 10.65 23.3654 0
208 1 11.36 22.1356 0
209 1 8.52 24.5951 0
210 1 9.23 25.8249 0
211 1 10.65 25.8249 0
212 1 11.36 24.5951 0
213 1 8.52 27.0546 0
214 1 9.23 28.2844 0
215 1 10.65 28.2844 0
216 1 11.36 27.0546 0
217 1 8.52 29.5141 0
218 1 9.23 30.7439 0
219 1 10.65 30.7439 0
220 1 11.36 29.5141 0
221 1 8.52 31.9737 0
222 1 9.23 33.2034 0
223 1 10.65 33.2034 0
224 1 11.36 31.9737 0
225 1 8.52 34.4332 0
226 1 9.23 35.6629 0
227 1 10.65 35.6629 0
228 1 11.36 34.4332 0
229 1 8.52 36.8927 0
230 1 9.23 38.1224 0
231 1 10.65 38.1224 0
232 1 11.36 36.8927 0
233 1 8.52 39.3522 0
234 1 9.23 40.582 0
235 1 10.65 40.582 0
236 1 11.36 39.3522 0
237 1 8.52 41.8117 0
238 1 9.23 43.0415 0
239 1 10.65 43.0415 0
240 1 11.36 41.8117 0
241 1 8.52 44.2712 0
242 1 9.23 45.501 0
243 1 10.65 45.501 0
244 1 11.36 44.2712 0
245 1 8.52 46.7307 0
246 1 9.23 47.9605 0
247 1 10.65 47.9605 0
248 1 11.36 46.7307 0
249 1 8.52 49.1902 0
250 1 9.23 50.42 0
251 1 10.65 50.42 0
252 1 11.36 49.1902 0
253 1 12.78 0 0
254 1 13.49 1.22976 0
255 1 14.91 1.22976 0
256 1 15.62 0 0
257 1 12.78 2.45951 0
258 1 13.49 3.68927 0
259 1 14.91 3.68927 0
260 1 15.62 2.45951 0
261 1 12.78 4.91902 0
262 1 13.49 6.14878 0
263 1 14.91 6.14878 0
264 1 15.62 4.91902 0
265 1 12.78 7.37854 0
266 1 13.49 8.60829 0
267 1 14.91 8.60829 0
268 1 15.62 7.37854 0
269 1 12.78 9.83805 0
270 1 13.49 11.0678 0
271 1 14.91 11.0678 0
272 1 15.62 9.83805 0
273 1 12.78 12.2976 0
274 1 13.49 13.5273 0
275 1 14.91 13.5273 0
276 1 15.62 12.2976 0
277 1 12.78 14.7571 0
278 1 13.49 15.9868 0
279 1 14.91 15.9868 0
280 1 15.62 14.7571 0
281 1 12.78 17.2166 0
282 1 13.49 18.4463 0
283 1 14.91 18.4463 0
284 1 15.62 17.2166 0
285 1 12.78 19.6761 0
286 1 13.49 20.9059 0
287 1 14.91 20.9059 0
288 1 15.62 19.6761 0
289 1 12.78 22.1356 0
290 1 13.49 23.3654 0
291 1 14.91 23.3654 0
292 1 15.62 22.1356 0
293 1 12.78 24.5951 0
294 1 13.49 25.8249 0
295 1 14.91 25.8249 0
296 1 15.62 24.5951 0
297 1 12.78 27.0546 0
298 1 13.49 28.2844 0
299 1 14.91 28.2844 0
300 1 15.62 27.0546 0
301 1 12.78 29.5141 0
302 1 13.49 30.7439 0
303 1 14.91 30.7439 0
304 1 15.62 29.5141 0
305 1 12.78 31.9737 0
306 1 13.49 33.2034 0
307 1 14.91 33.2034 0
308 1 15.62 31.9737 0
309 1 12.78 34.4332 0
310 1 13.49 35.6629 0
311 1 14.91 35.6629 0
312 1 15.62 34.4332 0
313 1 12.78 36.8927 0
314 1 13.49 38.1224 0
315 1 14.91 38.1224 0
316 1 15.62 36.8927 0
317 1 12.78 39.3522 0
318 1 13.49 40.582 0
319 1 14.91 40.582 0
320 1 15.62 39.3522 0
321 1 12.78 41.8117 0
322 1 13.49 43.0415 0
323 1 14.91 43.0415 0
324 1 15.62 41.8117 0
325 1 12.78 44.2712 0
326 1 13.49 45.501 0
327 1 14.91 45.501 0
328 1 15.62 44.2712 0
329 1 12.78 46.7307 0
330 1 13.49 47.9605 0
331 1 14.91 47.9605 0
332 1 15.62 46.7307 0
333 1 12.78 49.1902 0
334 1 13.49 50.42 0
335 1 14.91 50.42 0
336 1 15.62 49.1902 0
337 1 17.04 0 0
338 1 17.75 1.22976 0
339 1 19.17 1.22976 0
340 1 19.88 0 0
341 1 17.04 2.45951 0
342 1 17.75 3.68927 0
343 1 19.17 3.68927 0
344 1 19.88 2.45951 0
345 1 17.04 4.91902 0
346 1 17.75 6.14878 0
347 1 19.17 6.14878 0
348 1 19.88 4.91902 0
349 1 17.04 7.37854 0
350 1 17.75 8.60829 0
351 1 19.17 8.60829 0
352 1 19.88 7.37854 0
353 1 17.04 9.83805 0
354 1 17.75 11.0678 0
355 1 19.17 11.0678 0
356 1 19.88 9.83805 0
357 1 17.04 12.2976 0
358 1 17.75 13.5273 0
359 1 19.17 13.5273 0
360 1 19.88 12.2976 0
361 1 17.04 14.7571 0
362 1 17.75 15.9868 0
363 1 19.17 15.9868 0
364 1 19.88 14.7571 0
365 1 17.04 17.2166 0
366 1 17.75 18.4463 0
367 1 19.17 18.4463 0
368 1 19.88 17.2166 0
369 1 17.04 19.6761 0
370 1 17.75 20.9059 0
371 1 19.17 20.9059 0
372 1 19.88 19.6761 0
373 1 17.04 22.1356 0
374 1 17.75 23.3654 0
375 1 19.17 23.3654 0
376 1 19.88 22.1356 0
377 1 17.04 24.5951 0
378 1 17.75 25.8249 0
379 1 19.17 25.8249 0
380 1 19.88 24.5951 0
381 1 17.04 27.0546 0
382 1 17.75 28.2844 0
383 1 19.17 28.2844 0
384 1 19.88 27.0546 0
385 1 17.04 29.5141 0
386 1 17.75 30.7439 0
387 1 19.17 30.7439 0
388 1 19.88 29.5141 0
389 1 17.04 31.9737 0
390 1 17.75 33.2034 0
391 1 19.17 33.2034 0
392 1 19.88 31.9737 0
393 1 17.04 34.4332 0
394 1 17.75 35.6629 0
395 1 19.17 35.6629 0
396 1 19.88 34.4332 0
397 1 17.04 36.8927 0
398 1 17.75 38.1224 0
399 1 19.17 38.1224 0
400 1 19.88 36.8927 0
401 1 17.04 39.3522 0
402 1 17.75 40.582 0
403 1 19.17 40.582 0
404 1 19.88 39.3522 0
405 1 17.04 41.8117 0
406 1 17.75 43.0415 0
407 1 19.17 43.0415 0
408 1 19.88 41.8117 0
409 1 17.04 44.2712 0
410 1 17.75 45.501 0
411 1 19.17 45.501 0
412 1 19.88 44.2712 0
413 1 17.04 46.7307 0
414 1 17.75 47.9605 0
415 1 19.17 47.9605 0
416 1 19.88 46.7307 0
417 1 17.04 49.1902 0
418 1 17.75 50.42 0
419 1 19.17 50.42 0
420 1 19.88 49.1902 0
421 1 21.3 0 0
422 1 22.01 1.22976 0
423 1 23.43 1.22976 0
424 1 24.14 0 0
425 1 21.3 2.45951 0
426 1 22.01 3.68927 0
427 1 23.43 3.68927 0
428 1 24.14 2.45951 0
429 1 21.3 4.91902 0
430 1 22.01 6.14878 0
431 1 23.43 6.14878 0
432 1 24.14 4.91902 0
433 1 21.3 7.37854 0
434 1 22.01 8.60829 0
435 1 23.43 8.60829 0
436 1 24.14 7.37854 0
437 1 21.3 9.83805 0
438 1 22.01 11.0678 0
439 1 23.43 11.0678 0
440 1 24.14 9.83805 0
441 1 21.3 12.2976 0
442 1 22.01 13.5273 0
443 1 23.43 13.5273 0
444 1 24.14 12.2976 0
445 1 21.3 14.7571 0
446 1 22.01 15.9868 0
447 1 23.43 15.9868 0
448 1 24.14 14.7571 0
449 1 21.3 17.2166 0
450 1 22.01 18.4463 0
451 1 23.43 18.4463 0
452 1 24.14 17.2166 0
453 1 21.3 19.6761 0
454 1 22.01 20.9059 0
455 1 23.43 20.9059 0
456 1 24.14 19.6761 0
457 1 21.3 22.1356 0
458 1 22.01 23.3654 0
459 1 23.43 23.3654 0
460 1 24.14 22.1356 0
461 1 21.3 24.5951 0
462 1 22.01 25.8249 0
463 1 23.43 25.8249 0
464 1 24.14 24.5951 0
465 1 21.3 27.0546 0
466 1 22.01 28.2844 0
467 1 23.43 28.2844 0
468 1 24.14 27.0546 0
469 1 21.3 29.5141 0
470 1 22.01 30.7439 0
471 1 23.43 30.7439 0
472 1 24.14 29.5141 0
473 1 21.3 31.9737 0
474 1 22.01 33.2034 0
475 1 23.43 33.2034 0
476 1 24.14 31.9737 0
477 1 21.3 34.4332 0
478 1 22.01 35.6629 0
479 1 23.43 35.6629 0
480 1 24.14 34.4332 0
481 1 21.3 36.8927 0
482 1 22.01 38.1224 0
483 1 23.43 38.1224 0
484 1 24.14 36.8927 0
485 1 21.3 39.3522 0
486 1 22.01 40.582 0
487 1 23.43 40.582 0
488 1 24.14 39.3522 0
489 1 21.3 41.8117 0
490 1 22.01 43.0415 0
491 1 23.43 43.0415 0
492 1 24.14 41.8117 0
493 1 21.3 44.2712 0
494 1 22.01 45.501 0
495 1 23.43 45.501 0
496 1 24.14 44.2712 0
497 1 21.3 46.7307 0
498 1 22.01 47.9605 0
499 1 23.43 47.9605 0
500 1 24.14 46.7307 0
501 1 21.3 49.1902 0
502 1 22.01 50.42 0
503 1 23.43 50.42 0
504 1 24.14 49.1902 0
505 1 25.56 0 0
506 1 26.27 1.22976 0
507 1 27.69 1.22976 0
508 1 28.4 0 0
509 1 25.56 2.45951 0
510 1 26.27 3.68927 0
511 1 27.69 3.68927 0
512 1 28.4 2.45951 0
513 1 25.56 4.91902 0
514 1 26.27 6.14878 0
515 1 27.69 6.14878 0
516 1 28.4 4.91902 0
517 1 25.56 7.37854 0
518 1 26.27 8.60829 0
519 1 27.69 8.60829 0
520 1 28.4 7.37854 0
521 1 25.56 9.83805 0
522 1 26.27 11.0678 0
523 1 27.69 11.0678 0
524 1 28.4 9.83805 0
525 1 25.56 12.2976 0
526 1 26.27 13.5273 0
527 1 27.69 13.5273 0
528 1 28.4 12.2976 0
529 1 25.56 14.7571 0
530 1 26.27 15.9868 0
531 1 27.69 15.9868 0
532 1 28.4 14.7571 0
533 1 25.56 17.2166 0
534 1 26.27 18.4463 0
535 1 27.69 18.4463 0
536 1 28.4 17.2166 0
537 1 25.56 19.6761 0
538 1 26.27 20.9059 0
539 1 27.69 20.9059 0
540 1 28.4 19.6761 0
541 1 25.56 22.1356 0
542 1 26.27 23.3654 0
543 1 27.69 23.3654 0
544 1 28.4 22.1356 0
545 1 25.56 24.5951 0
546 1 26.27 25.8249 0
547 1 27.69 25.8249 0
548 1 28.4 24.5951 0
549 1 25.56 27.0546 0
550 1 26.27 28.2844 0
551 1 27.69 28.2844 0
552 1 28.4 27.0546 0
553 1 25.56 29.5141 0
554 1 26.27 30.7439 0
555 1 27.69 30.7439 0
556 1 28.4 29.5141 0
557 1 25.56 31.9737 0
558 1 26.27 33.2034 0
559 1 27.69 33.2034 0
560 1 28.4 31.9737 0
561 1 25.56 34.4332 0
562 1 26.27 35.6629 0
563 1 27.69 35.6629 0
564 1 28.4 34.4332 0
565 1 25.56 36.8927 0
566 1 26.27 38.1224 0
567 1 27.69 38.1224 0
568 1 28.4 36.8927 0
569 1 25.56 39.3522 0
570 1 26.27 40.582 0
571 1 27.69 40.582 0
572 1 28.4 39.3522 0
573 1 25.56 41.8117 0
574 1 26.27 43.0415 0
575 1 27.69 43.0415 0
576 1 28.4 41.8117 0
577 1 25.56 44.2712 0
578 1 26.27 45.501 0
579 1 27.69 45.501 0
580 1 28.4 44.2712 0
581 1 25.56 46.7307 0
582 1 26.27 47.9605 0
583 1 27.69 47.9605 0
584 1 28.4 46.7307 0
585 1 25.56 49.1902 0
586 1 26.27 50.42 0
587 1 27.69 50.42 0
588 1 28.4 49.1902 0
589 1 29.82 0 0
590 1 30.53 1.22976 0
591 1 31.95 1.22976 0
592 1 32.66 0 0
593 1 29.82 2.45951 0
594 1 30.53 3.68927 0
595 1 31.95 3.68927 0
596 1 32.66 2.45951 0
597 1 29.82 4.91902 0
598 1 30.53 6.14878 0
599 1 31.95 6.14878 0
600 1 32.66 4.91902 0
601 1 29.82 7.37854 0
602 1 30.53 8.60829 0
603 1 31.95 8.60829 0
604 1 32.66 7.37854 0
605 1 29.82 9.83805 0
606 1 30.53 11.0678 0
607 1 31.95 11.0678 0
608 1 32.66 9.83805 0
609 1 29.82 12.2976 0
610 1 30.53 13.5273 0
611 1 31.95 13.5273 0
612 1 32.66 12.2976 0
613 1 29.82 14.7571 0
614 1 30.53 15.9868 0
615 1 31.95 15.9868 0
616 1 32.66 14.7571 0
617 1 29.82 17.2166 0
618 1 30.53 18.4463 0
619 1 31.95 18.4463 0
620 1 32.66 17.2166 0
621 1 29.82 19.6761 0
622 1 30.53 20.9059 0
623 1 31.95 20.9059 0
624 1 32.66 19.6761 0
625 1 29.82 22.1356 0
626 1 30.53 23.3654 0
627 1 31.95 23.3654 0
628 1 32.66 22.1356 0
629 1 29.82 24.5951 0
630 1 30.53 25.8249 0
631 1 31.95 25.8249 0
632 1 32.66 24.5951 0
633 1 29.82 27.0546 0
634 1 30.53 28.2844 0
635 1 31.95 28.2844 0
636 1 32.66 27.0546 0
637 1 29.82 29.5141 0
638 1 30.53 30.7439 0
639 1 31.95 30.7439 0
640 1 32.66 29.5141 0
641 1 29.82 31.9737 0
642 1 30.53 33.2034 0
643 1 31.95 33.2034 0
644 1 32.66 31.9737 0
645 1 29.82 34.4332 0
646 1 30.53 35.6629 0
647 1 31.95 35.6629 0
648 1 32.66 34.4332 0
649 1 29.82 36.8927 0
650 1 30.53 38.1224 0
651 1 31.95 38.1224 0
652 1 32.66 36.8927 0
653 1 29.82 39.3522 0
654 1 30.53 40.582 0
655 1 31.95 40.582 0
656 1 32.66 39.3522 0
657 1 29.82 41.8117 0
658 1 30.53 43.0415 0
659 1 31.95 43.0415 0
660 1 32.66 41.8117 0
661 1 29.82 44.2712 0
662 1 30.53 45.501 0
663 1 31.95 45.501 0
664 1 32.66 44.2712 0
665 1 29.82 46.7307 0
666 1 30.53 47.9605 0
667 1 31.95 47.9605 0
668 1 32.66 46.7307 0
669 1 29.82 49.1902 0
670 1 30.53 50.42 0
671 1 31.95 50.42 0
672 1 32.66 49.1902 0
673 1 34.08 0 0
674 1 34.79 1.22976 0
675 1 36.21 1.22976 0
676 1 36.92 0 0
677 1 34.08 2.45951 0
678 1 34.79 3.68927 0
679 1 36.21 3.68927 0
680 1 36.92 2.45951 0
681 1 34.08 4.91902 0
682 1 34.79 6.14878 0
683 1 36.21 6.14878 0
684 1 36.92 4.91902 0
685 1 34.08 7.37854 0
686 1 34.79 8.60829 0
687 1 36.21 8.60829 0
688 1 36.92 7.37854 0
689 1 34.08 9.83805 0
690 1 34.79 11.0678 0
691 1 36.21 11.0678 0
692 1 36.92 9.83805 0
693 1 34.08 12.2976 0
694 1 34.79 13.5273 0
695 1 36.21 13.5273 0
696 1 36.92 12.2976 0
697 1 34.08 14.7571 0
698 1 34.79 15.9868 0
699 1 36.21 15.9868 0
700 1 36.92 14.7571 0
701 1 34.08 17.2166 0
702 1 34.79 18.4463 0
703 1 36.21 18.4463 0
704 1 36.92 17.2166 0
705 1 34.08 19.6761 0
706 1 34.79 20.9059 0
707 1 36.21 20.9059 0
708 1 36.92 19.6761 0
709 1 34.08 22.1356 0
710 1 34.79 23.3654 0
711 1 36.21 23.3654 0
712 1 36.92 22.1356 0
713 1 34.08 24.5951 0
714 1 34.79 25.8249 0
715 1 36.21 25.8249 0
716 1 36.92 24.5951 0
717 1 34.08 27.0546 0
718 1 34.79 28.2844 0
719 1 36.21 28.2844 0
720 1 36.92 27.0546 0
721 1 34.08 29.5141 0
722 1 34.79 30.7439 0
723 1 36.21 30.7439 0
724 1 36.92 29.5141 0
725 1 34.08 31.9737 0
726 1 34.79 33.2034 0
727 1 36.21 33.2034 0
728 1 36.92 31.9737 0
729 1 34.08 34.4332 0
730 1 34.79 35.6629 0
731 1 36.21 35.6629 0
732 1 36.92 34.4332 0
733 1 34.08 36.8927 0
734 1 34.79 38.1224 0
735 1 36.21 38.1224 0
736 1 36.92 36.8927 0
737 1 34.08 39.3522 0
738 1 34.79 40.582 0
739 1 36.21 40.582 0
740 1 36.92 39.3522 0
741 1 34.08 41.8117 0
742 1 34.79 43.0415 0
743 1 36.21 43.0415 0
744 1 36.92 41.8117 0
745 1 34.08 44.2712 0
746 1 34.79 45.501 0
747 1 36.21 45.501 0
748 1 36.92 44.2712 0
749 1 34.08 46.7307 0
750 1 34.79 47.9605 0
751 1 36.21 47.9605 0
752 1 36.92 46.7307 0
753 1 34.08 49.1902 0
754 1 34.79 50.42 0
755 1 36.21 50.42 0
756 1 36.92 49.1902 0
757 1 38.34 0 0
758 1 39.05 1.22976 0
759 1 40.47 1.22976 0
760 1 41.18 0 0
761 1 38.34 2.45951 0
762 1 39.05 3.68927 0
763 1 40.47 3.68927 0
764 1 41.18 2.45951 0
765 1 38.34 4.91902 0
766 1 39.05 6.14878 0
767 1 40.47 6.14878 0
768 1 41.18 4.91902 0
769 1 38.34 7.37854 0
770 1 39.05 8.60829 0
771 1 40.47 8.60829 0
772 1 41.18 7.37854 0
773 1 38.34 9.83805 0
774 1 39.05 11.0678 0
775 1 40.47 11.0678 0
776 1 41.18 9.83805 0
777 1 38.34 12.2976 0
778 1 39.05 13.5273 0
779 1 40.47 13.5273 0
780 1 41.18 12.2976 0
781 1 38.34 14.7571 0
782 1 39.05 15.9868 0
783 1 40.47 15.9868 0
784 1 41.18 14.7571 0
785 1 38.34 17.2166 0
786 1 39.05 18.4463 0
787 1 40.47 18.4463 0
788 1 41.18 17.2166 0
789 1 38.34 19.6761 0
790 1 39.05 20.9059 0
791 1 40.47 20.9059 0
792 1 41.18 19.6761 0
793 1 38.34 22.1356 0
794 1 39.05 23.3654 0
795 1 40.47 23.3654 0
796 1 41.18 22.1356 0
797 1 38.34 24.5951 0
798 1 39.05 25.8249 0
799 1 40.47 25.8249 0
800 1 41.18 24.5951 0
801 1 38.34 27.0546 0
802 1 39.05 28.2844 0
803 1 40.47 28.2844 0
804 1 41.18 27.0546 0
805 1 38.34 29.5141 0
806 1 39.05 30.7439 0
807 1 40.47 30.7439 0
808 1 41.18 29.5141 0
809 1 38.34 31.9737 0
810 1 39.05 33.2034 0
811 1 40.47 33.2034 0
812 1 41.18 31.9737 0
813 1 38.34 34.4332 0
814 1 39.05 35.6629 0
815 1 40.47 35.6629 0
816 1 41.18 34.4332 0
817 1 38.34 36.8927 0
818 1 39.05 38.1224 0
819 1 40.47 38.1224 0
820 1 41.18 36.8927 0
821 1 38.34 39.3522 0
822 1 39.05 40.582 0
823 1 40.47 40.582 0
824 1 41.18 39.3522 0
825 1 38.34 41.8117 0
826 1 39.05 43.0415 0
827 1 40.47 43.0415 0
828 1 41.18 41.8117 0
829 1 38.34 44.2712 0
830 1 39.05 45.501 0
831 1 40.47 45.501 0
832 1 41.18 44.2712 0
833 1 38.34 46.7307 0
834 1 39.05 47.9605 0
835 1 40.47 47.9605 0
836 1 41.18 46.7307 0
837 1 38.34 49.1902 0
838 1 39.05 50.42 0
839 1 40.47 50.42 0
840 1 41.18 49.1902 0
841 1 42.6 0 0
842 1 43.31 1.22976 0
843 1 44.73 1.22976 0
844 1 45.44 0 0
845 1 42.6 2.45951 0
846 1 43.31 3.68927 0
847 1 44.73 3.68927 0
848 1 45.44 2.45951 0
849 1 42.6 4.91902 0
850 1 43.31 6.14878 0
851 1 44.73 6.14878 0
852 1 45.44 4.91902 0
853 1 42.6 7.37854 0
854 1 43.31 8.60829 0
855 1 44.73 8.60829 0
856 1 45.44 7.37854 0
857 1 42.6 9.83805 0
858 1 43.31 11.0678 0
859 1 44.73 11.0678 0
860 1 45.44 9.83805 0
861 1 42.6 12.2976 0
862 1 43.31 13.5273 0
863 1 44.73 13.5273 0
864 1 45.44 12.2976 0
865 1 42.6 14.7571 0
866 1 43.31 15.9868 0
867 1 44.73 15.9868 0
868 1 45.44 14.7571 0
869 1 42.6 17.2166 0
870 1 43.31 18.4463 0
871 1 44.73 18.4463 0
872 1 45.44 17.2166 0
873 1 42.6 19.6761 0
874 1 43.31 20.9059 0
875 1 44.73 20.9059 0
876 1 45.44 19.6761 0
877 1 42.6 22.1356 0
878 1 43.31 23.3654 0
879 1 44.73 23.3654 0
880 1 45.44 22.1356 0
881 1 42.6 24.5951 0
882 1 43.31 25.8249 0
883 1 44.73 25.8249 0
884 1 45.44 24.5951 0
885 1 42.6 27.0546 0
886 1 43.31 28.2844 0
887 1 44.73 28.2844 0
888 1 45.44 27.0546 0
889 1 42.6 29.5141 0
890 1 43.31 30.7439 0
891 1 44.73 30.7439 0
892 1 45.44 29.5141 0
893 1 42.6 31.9737 0
894 1 43.31 33.2034 0
895 1 44.73 33.2034 0
896 1 45.44 31.9737 0
897 1 42.6 34.4332 0
898 1 43.31 35.6629 0
899 1 44.73 35.6629 0
900 1 45.44 34.4332 0
901 1 42.6 36.8927 0
902 1 43.31 38.1224 0
903 1 44.73 38.1224 0
904 1 45.44 36.8927 0
905 1 42.6 39.3522 0
906 1 43.31 40.582 0
907 1 44.73 40.582 0
908 1 45.44 39.3522 0
909 1 42.6 41.8117 0
910 1 43.31 43.0415 0
911 1 44.73 43.0415 0
912 1 45.44 41.8117 0
913 1 42.6 44.2712 0
914 1 43.31 45.501 0
915 1 44.73 45.501 0
916 1 45.44 44.2712 0
917 1 42.6 46.7307 0
918 1 43.31 47.9605 0
919 1 44.73 47.9605 0
920 1 45.44 46.7307 0
921 1 42.6 49.1902 0
922 1 43.31 50.42 0
923 1 44.73 50.42 0
924 1 45.44 49.1902 0
925 1 46.86 0 0
926 1 47.57 1.22976 0
927 1 48.99 1.22976 0
928 1 49.7 0 0
929 1 46.86 2.45951 0
930 1 47.57 3.68927 0
931 1 48.99 3.68927 0
932 1 49.7 2.45951 0
933 1 46.86 4.91902 0
934 1 47.57 6.14878 0
935 1 48.99 6.14878 0
936 1 49.7 4.91902 0
937 1 46.86 7.37854 0
938 1 47.57 8.60829 0
939 1 48.99 8.60829 0
940 1 49.7 7.37854 0
941 1 46.86 9.83805 0
942 1 47.57 11.0678 0
943 1 48.99 11.0678 0
944 1 49.7 9.83805 0
945 1 46.86 12.2976 0
946 1 47.57 13.5273 0
947 1 48.99 13.5273 0
948 1 49.7 12.2976 0
949 1 46.86 14.7571 0
950 1 47.57 15.9868 0
951 1 48.99 15.9868 0
952 1 49.7 14.7571 0
953 1 46.86 17.2166 0
954 1 47.57 18.4463 0
955 1 48.99 18.4463 0
956 1 49.7 17.2166 0
957 1 46.86 19.6761 0
958 1 47.57 20.9059 0
959 1 48.99 20.9059 0
960 1 49.7 19.6761 0
961 1 46.86 22.1356 0
962 1 47.57 23.3654 0
963 1 48.99 23.3654 0
964 1 49.7 22.1356 0
965 1 46.86 24.5951 0
966 1 47.57 25.8249 0
967 1 48.99 25.8249 0
968 1 49.7 24.5951 0
969 1 46.86 27.0546 0
970 1 47.57 28.2844 0
971 1 48.99 28.2844 0
972 1 49.7 27.0546 0
973 1 46.86 29.5141 0
974 1 47.57 30.7439 0
975 1 48.99 30.7439 0
976 1 49.7 29.5141 0
977 1 46.86 31.9737 0
978 1 47.57 33.2034 0
979 1 48.99 33.2034 0
980 1 49.7 31.9737 0
981 1 46.86 34.4332 0
982 1 47.57 35.6629 0
983 1 48.99 35.6629 0
984 1 49.7 34.4332 0
985 1 46.86 36.8927 0
986 1 47.57 38.1224 0
987 1 48.99 38.1224 0
988 1 49.7 36.8927 0
989 1 46.86 39.3522 0
990 1 47.57 40.582 0
991 1 48.99 40.582 0
992 1 49.7 39.3522 0
993 1 46.86 41.8117 0
994 1 47.57 43.0415 0
995 1 48.99 43.0415 0
996 1 49.7 41.8117 0
997 1 46.86 44.2712 0
998 1 47.57 45.501 0
999 1 48.99 45.501 0
1000 1 49.7 44.2712 0
1001 1 46.86 46.7307 0
1002 1 47.57 47.9605 0
1003 1 48.99 47.9605 0
1004 1 49.7 46.7307 0
1005 1 46.86 49.1902 0
1006 1 47.57 50.42 0
1007 1 48.99 50.42 0
1008 1 49.7 49.1902 0
