0 50 -31838.2184848733 18.5229787785 -7.40854452643075
10000 50.6332202210104 -31824.4606022635 18.7575612728179 -7.40539957291542
20000 50.7515641331956 -31836.2816420479 18.8014029082973 -7.40815884766423
30000 49.86509801157 -31853.7877767319 18.4730030451227 -7.41215366971558
40000 50.2304250073538 -31870.5675720574 18.608341928925 -7.4160874218573
50000 50.626840380367 -31884.9157859145 18.7551977997609 -7.41945836830565
60000 49.888568328215 -31894.0077587555 18.4816978486655 -7.42150917595446
70000 52.0630366313583 -31896.6469487812 19.2872504533383 -7.42231027889176
80000 50.0233171239141 -31897.5127765597 18.5316168303287 -7.42233590543955
90000 51.2348097197409 -31896.3789972089 18.9804258631849 -7.42217661001677
100000 51.0751761822829 -31894.7529481197 18.9212880906515 -7.42178470609543
110000 49.8143392049975 -31894.3176769551 18.4541989591834 -7.42157485486379
120000 50.678756433399 -31892.7410511191 18.7744305987324 -7.42128267016693
130000 50.2253161194208 -31892.4956738619 18.6064492924697 -7.42118654026845
140000 50.2583035875754 -31893.4205746351 18.6186698159214 -7.42140447545373
150000 50.4400193027492 -31894.2883881773 18.6859881426391 -7.42162194798138
160000 49.6173877513832 -31895.5940920215 18.3812364072695 -7.42185472754158
170000 49.4345828895755 -31896.3627149066 18.3135145957521 -7.42201772779126
180000 50.7680761184842 -31896.8125607198 18.8075199313591 -7.42223722805842
190000 50.6530189442376 -31897.7560990462 18.7648958994214 -7.4224467430106
200000 49.7496844003851 -31897.9695162188 18.4302469677081 -7.42241854957825
210000 49.94911013951 -31897.439188013 18.5041261423821 -7.42231239864079
220000 48.7203508703366 -31897.3191803566 18.0489205050464 -7.42217862810737
230000 49.8257699127963 -31895.7783752638 18.458433574343 -7.42191553693909
240000 50.2001321067274 -31895.1792674053 18.5971196338162 -7.42180846210211
250000 49.0556729862295 -31895.4925111653 18.1731437937793 -7.42178271045559
250000 49.0556729862295 -31895.4925111653 18.1731437937793 -7.42178271045559
260000 119.205488899511 -31844.8275111735 44.1608148233272 -7.41604379674345
270000 189.564509871599 -31792.2959249783 70.2259878701677 -7.4098888169415
280000 260.187411066831 -31744.3665751619 96.3889178724754 -7.4048268588452
290000 326.423089164215 -31695.5108847284 120.926559068023 -7.39917149855731
300000 395.079906011221 -31648.9948589 146.361134297153 -7.39426883562725
310000 466.253398838806 -31592.0298999345 172.728036241894 -7.38715300841312
320000 527.94108432384 -31551.7872056287 195.580830024575 -7.38310884550077
330000 604.696700188919 -31493.0915298119 224.015682900566 -7.37607144481686
340000 655.031083085979 -31452.9074499861 242.662537025189 -7.37106278767703
350000 760.714116588855 -31381.3888926243 281.813828761615 -7.36353551660138
360000 814.352546423073 -31343.4969637629 301.68469871224 -7.35934457266864
370000 862.141564055737 -31298.8258712586 319.388597901344 -7.35307313236278
380000 942.726115604738 -31234.1726220029 349.241916665686 -7.34498012527175
390000 1029.60870943037 -31178.9772906275 381.428405498752 -7.33962923165726
400000 1078.65492346241 -31144.7762417653 399.598045132375 -7.33590099695294
410000 1186.480076564 -31077.8536920131 439.542905586161 -7.32962711572076
420000 1241.68493265481 -31028.3030079233 459.994073142966 -7.32285978629448
430000 1286.43061905854 -30981.6506043643 476.570541136681 -7.31586538267464
440000 1346.76672563227 -30928.525310329 498.922629569528 -7.30870882323221
450000 1445.4661651428 -30855.1970801715 535.486782039597 -7.30015903772351
460000 1521.59939796634 -30798.1201483578 563.691067158179 -7.29344446872464
470000 1595.86665521995 -30760.9571985577 591.204083759099 -7.29120029821322
480000 1601.85126052939 -30732.9198966398 593.421138101986 -7.28519558947483
490000 1781.07965420133 -30627.5652892143 659.818012751787 -7.27613565162003
500000 1772.82218959421 -30603.4481924068 656.75895591815 -7.26981561588952
510000 1852.85412651081 -30550.6073424091 686.407553300317 -7.26442206876964
520000 1945.3008227101 -30485.9997611124 720.655317137157 -7.25736164610456
530000 2016.27016892137 -30436.5741945738 746.946591013063 -7.25198157804347
540000 2112.2568220366 -30376.4537063151 782.505765786514 -7.24626964467479
550000 2170.49088224944 -30321.9914118203 804.079131016683 -7.23862105647372
560000 2168.09702508468 -30296.2597058005 803.192303707449 -7.23243069988557
570000 2260.99774840547 -30257.521269908 837.608266239018 -7.23142547352256
580000 2382.50257326351 -30177.0242158316 882.620892085634 -7.223173280911
590000 2432.19792686773 -30139.4686724106 901.031011689654 -7.21872085676751
600000 2532.0037500112 -30065.4620459353 938.005034570797 -7.21010862337352
610000 2571.63454471177 -30036.3187627685 952.686641955072 -7.20674544295897
620000 2615.58721184264 -30010.8558797167 968.969328365546 -7.20461051350749
630000 2641.90399986432 -29943.0584491224 978.718634486423 -7.19111094967646
640000 2699.48531393612 -29875.7324075803 1000.05018365822 -7.18041455610197
650000 2864.01554765543 -29795.7292284102 1061.00198421031 -7.175984002935
660000 2832.190483416 -29809.0058102194 1049.21208441968 -7.17632974293933
670000 3002.49985301118 -29701.5737120981 1112.30482119551 -7.16601826355665
680000 3090.21771392267 -29627.8632185562 1144.80074271869 -7.15643347936625
690000 3065.26589577257 -29637.7505315296 1135.5571027571 -7.15658317076436
700000 3152.95781907073 -29503.8073540248 1168.04341544305 -7.13298855103904
710000 3251.07263112973 -29496.5324146921 1204.39098707556 -7.13974962831805
720000 3328.16685427847 -29429.9863377651 1232.95128026214 -7.13091572512261
730000 3384.5172304438 -29360.2318996608 1253.82681669956 -7.11954853868846
740000 3456.53436663234 -29327.9094020203 1280.50625440574 -7.11823619916884
750000 3526.71447348029 -29267.9489319596 1306.50514700208 -7.11033815789807
760000 3576.86205567278 -29204.6163556813 1325.08279901698 -7.09993003597635
770000 3712.78599186214 -29144.0547544251 1375.43712272749 -7.0975562505006
780000 3816.62979454785 -29053.7540070923 1413.90705379601 -7.0855025722996
790000 3871.15419982141 -29024.2937020588 1434.10614183186 -7.08334880090479
800000 3826.12793572528 -29036.3696950438 1417.42573114531 -7.08227800609048
810000 3986.98510379378 -28965.4917463906 1477.01680935536 -7.07965315249906
820000 3984.09563415396 -28904.4724617981 1475.94637765897 -7.06521368359465
830000 4174.15345668003 -28773.777993737 1546.35511792573 -7.05119374689832
840000 4177.0190249917 -28768.6423410836 1547.41669514624 -7.05024628749532
850000 4199.57355401675 -28781.6038429007 1555.77223639604 -7.05520373937134
860000 4286.4195491523 -28681.5619536098 1587.94516689391 -7.03942026058226
870000 4350.26885308758 -28625.5764081271 1611.59875293021 -7.03190120024588
880000 4359.00347725765 -28589.118115397 1614.83457809302 -7.02417504499767
890000 4490.04098941301 -28505.8435598815 1663.37867922985 -7.01609819514217
900000 4570.89572225592 -28491.7220319091 1693.33208924166 -7.01978002817459
910000 4620.99539992223 -28392.6267524818 1711.89199456611 -7.00105087140648
920000 4665.06765903517 -28362.2647767863 1728.2189849715 -6.99778692133902
930000 4894.0056982738 -28252.6605401768 1813.03127381967 -6.9920213520922
940000 4836.20101362222 -28216.0774881359 1791.61697487769 -6.97853359604969
950000 4919.67597633895 -28153.1931638016 1822.54107413645 -6.97110098556699
960000 4989.35359563366 -28150.708815935 1848.3538154071 -6.97652619333537
970000 4933.27400887456 -28120.1315011094 1827.57859549818 -6.96458374339712
980000 4946.38528684144 -28070.7774340382 1832.43579396897 -6.95423563442027
990000 5144.32235144094 -27982.3586788494 1905.76347491007 -6.95072608226965
1000000 5212.89553027498 -27896.4979457665 1931.16706563642 -6.93666628172161
1010000 5295.9350842214 -27877.6608611274 1961.92986354693 -6.93943970341264
1020000 5356.72267406883 -27819.0886736837 1984.44920828173 -6.93105532138731
1030000 5512.45883721811 -27751.2016561921 2042.14316118292 -6.92868484125
1040000 5512.20899128871 -27697.9773703291 2042.05060336595 -6.91628557527792
1050000 5708.15003761731 -27642.0620612065 2114.63884022559 -6.92016300033303
1060000 5593.17659305113 -27613.016154702 2072.04582674978 -6.90350278638412
1070000 5872.45041158111 -27515.8785997921 2175.50548703021 -6.90497304344705
1080000 5896.49901526367 -27465.6803759929 2184.4145225435 -6.89537090663639
1090000 5854.28529078232 -27466.4175155756 2168.77604408891 -6.89190547899176
1100000 5944.27190943896 -27343.9755940207 2202.11244864343 -6.87118326573585
1110000 6061.49787639768 -27249.1211910013 2245.53993060874 -6.85922351665351
1120000 5982.03130518267 -27324.3663096181 2216.10077836442 -6.86987606697269
1130000 6072.1550275328 -27246.0534287833 2249.48797429504 -6.85942823327403
1140000 6206.26134876457 -27149.0616511945 2299.16894513982 -6.84842572007776
1150000 6431.13750893631 -26999.3051973356 2382.47647199285 -6.83297248123919
1160000 6430.88672118878 -27029.8621399625 2382.38356527034 -6.84005714075183
1170000 6550.90934166227 -26963.09499173 2426.84709430975 -6.83487025256737
1180000 6655.43996423385 -26899.639349881 2465.57146438169 -6.82911879401458
1190000 6483.60306394367 -26916.1945617065 2401.91283923292 -6.81816451184639
1200000 6740.79981784721 -26794.0072535874 2497.19383952201 -6.81190723095568
1210000 6795.15259346835 -26725.5911522973 2517.32934570967 -6.800679185583
1220000 6883.4337570129 -26710.5583936766 2550.03394808721 -6.80478891668925
1230000 6975.71164969701 -26567.0530652205 2584.21917704546 -6.77936563773627
1240000 6998.21759307282 -26579.9392775379 2592.55671927627 -6.78430139460795
1250000 6982.08701108361 -26542.0998290285 2586.58099071885 -6.7741118185459
1250000 6982.08701108361 -26542.0998290277 2586.58099071885 -6.77411181854571
1260000 7014.68032632055 -26495.6017292672 2598.65549644794 -6.76610633156167
1270000 7071.12268039583 -26480.4564988217 2619.56510698284 -6.76744688507082
1280000 6906.42490158388 -26545.2771223248 2558.55123774684 -6.76833217676085
1290000 6888.58512493792 -26573.8317100101 2551.94232166232 -6.77343582131916
1300000 7110.23042302529 -26466.3915716878 2634.05294471885 -6.76754523637366
1310000 7122.43456261017 -26511.9589214747 2638.57408508966 -6.77919372245683
1320000 7054.18364408941 -26546.3093773783 2613.2898787822 -6.78130215259545
1330000 6956.5074281365 -26585.1043945007 2577.104789277 -6.78190911250644
1340000 7043.03127494913 -26443.0499966742 2609.15837684389 -6.75632752872514
1350000 6834.58105249257 -26570.8155752121 2531.93599590516 -6.76808176072495
1360000 6906.79744886845 -26522.1280375728 2558.68925145577 -6.76298076489037
1370000 7003.25515377773 -26489.5916538117 2594.42293187691 -6.76372432225316
1380000 6932.10378342532 -26626.9508131057 2568.06422541493 -6.78953838105131
1390000 6986.72234298389 -26575.1901969881 2588.29819380725 -6.78220660251055
1400000 6970.35079300139 -26506.693506309 2582.23319634931 -6.76486667503683
1410000 7111.51504994729 -26470.9532030013 2634.52884706314 -6.76871675582893
1420000 6904.51626168122 -26499.3656163318 2557.84416381859 -6.75749064654659
1430000 6939.8327716501 -26537.3062482786 2570.92750311227 -6.76935668636998
1440000 7003.68235966945 -26493.1829291226 2594.58119439024 -6.76459630779368
1450000 7068.02554272072 -26455.3584249967 2618.41774267424 -6.76134329480718
1450000 7068.02554272072 -26455.3584249966 2618.41774267424 -6.76134329480716
1460000 6972.26093893245 -26545.2072006398 2582.94082820021 -6.77398791368371
1470000 6920.03847383551 -26537.976697524 2563.59451594517 -6.76780725894632
1480000 7007.57186980722 -26480.1897717954 2596.02210066505 -6.7619097377815
1490000 7042.74835573146 -26471.2086332687 2609.05356671059 -6.76285167441378
1500000 7068.09043100249 -26492.2546447469 2618.44178115956 -6.7699294013736
1510000 7022.23897359602 -26467.7074955133 2601.45566970949 -6.76027050354019
1520000 7055.26725307123 -26477.0531542184 2613.69131210569 -6.76528941077304
1530000 7125.00417816126 -26450.3470694207 2639.5260237761 -6.76508676585972
1540000 7043.50780696082 -26558.8478197389 2609.33491269069 -6.78329830986735
1550000 7016.59467879091 -26465.3248646399 2599.3646866516 -6.75923012820732
1560000 7067.04600761399 -26440.7099192633 2618.05486451434 -6.75785227529713
1570000 7039.62467392187 -26618.6627640241 2607.89636887319 -6.79687421695287
1580000 7227.11551845135 -26462.8793104687 2677.35414756085 -6.77679847861153
1590000 7043.22490806984 -26454.5356861046 2609.23011008761 -6.75901530144005
1600000 6983.53941116405 -26480.9933517218 2587.1190462362 -6.76002613906
1610000 6928.65706590057 -26510.3260173464 2566.78735590361 -6.76211938912791
1620000 7124.78600008185 -26473.0466155492 2639.4451976174 -6.77034693329456
1630000 7028.11844861981 -26490.0664244917 2603.63377753138 -6.76597679116815
1640000 7068.7856484641 -26465.8810236356 2618.69933112532 -6.76385589645604
1650000 6793.00613344284 -26600.4362115689 2516.53416903964 -6.77138846060664
1660000 7121.16637195207 -26531.9694954395 2638.10427171672 -6.78373808538516
1670000 7181.86014577966 -26444.7470239703 2660.58886140863 -6.7686827640416
1680000 7194.03453599395 -26440.7529367668 2665.09898084024 -6.76880277153653
1690000 7018.16234247662 -26457.6181531617 2599.94544267525 -6.75757292926441
1700000 7316.2278105539 -26291.5219574911 2710.36664947123 -6.74462525743311
1710000 7131.28296335753 -26514.8342085433 2641.852059875 -6.78062471358566
1720000 7090.73889044544 -26402.7569036093 2626.83211983211 -6.75106721475381
1730000 6964.63102778473 -26410.7449186479 2580.11425455478 -6.74206027283783
1740000 7230.36746077563 -26356.0872546299 2678.55886073408 -6.75224328264279
1750000 7118.10487640608 -26372.7409644379 2636.97011137614 -6.74644443623582
1760000 7090.88279664947 -26395.8307064145 2626.88543126338 -6.74946886922742
1770000 7127.04675656068 -26400.6925422017 2640.28271650301 -6.75371517644295
1780000 7130.90556595924 -26466.4223460146 2641.71224939501 -6.76933362683943
1790000 7113.33586997324 -26405.5050975996 2635.20338727714 -6.75365313601785
1800000 7285.78638486537 -26398.6032865558 2699.08933183091 -6.76690526008993
1810000 7273.64285425738 -26405.3975829158 2694.59064463595 -6.76743912268646
1820000 7158.36976840312 -26369.7594803602 2651.88662617574 -6.7492200247758
1830000 7032.80022213494 -26470.2613925564 2605.36818536071 -6.76177432044585
1840000 7183.92384870953 -26366.1109859488 2661.35337992013 -6.75057310834161
1850000 7176.45629539791 -26420.840318747 2658.58695328977 -6.76265750512482
1860000 7095.73162130374 -26441.0680858401 2628.68172478681 -6.76040693270392
1870000 7273.5548518255 -26316.6668832482 2694.55804329239 -6.74679649454432
1880000 7255.30100339715 -26400.8824568808 2687.7957303511 -6.76480888075159
1890000 7264.84566897885 -26374.9430642919 2691.33164311146 -6.75959876916356
1900000 7149.30084640515 -26424.2202939343 2648.52695718149 -6.76110401188738
1910000 7178.18286517871 -26416.4236961711 2659.22657759795 -6.76177913343466
1920000 7249.16968032974 -26390.6808313568 2685.52432300987 -6.7619081754341
1930000 7089.57624544543 -26380.8573873082 2626.40140685887 -6.7458741381784
1940000 7257.1994385982 -26368.3809131806 2688.49902384993 -6.75741393884433
1950000 7411.64217431225 -26235.9491492846 2745.71381417243 -6.7399216194086
1960000 7261.58339487199 -26343.3326538763 2690.12310243044 -6.75196645495505
1970000 7183.0034587325 -26399.1057842194 2661.01241263988 -6.75816702252543
1980000 7227.01214452988 -26399.8694916935 2677.31585170178 -6.762136126371
1990000 7211.44507647724 -26304.4027581337 2671.54888227812 -6.73859340474693
2000000 7498.45243013939 -26312.126564087 2777.87350470128 -6.76511629506704
2010000 7347.12590885591 -26342.6460517671 2721.81314585411 -6.75917655758633
2020000 7350.63550718141 -26395.3235066023 2723.1133101602 -6.77172949227036
2030000 7128.00178867405 -26343.9047048871 2640.63651729439 -6.74059098190267
2040000 7277.28808553896 -26313.5517081317 2695.94105546938 -6.74639366595374
2050000 7330.51468209131 -26301.1140449415 2715.6593578372 -6.74808683785552
2060000 7280.3166656268 -26275.310712409 2697.0630219633 -6.73776133357496
2070000 7414.48379422674 -26241.5745318689 2746.76651947988 -6.74147466310436
2080000 7552.53785876179 -26281.677519716 2797.90996963325 -6.76269476496494
2090000 7272.44968104423 -26355.305254679 2694.14862219383 -6.75568694810996
2100000 7299.13379891076 -26265.4486075425 2704.03400917312 -6.73708898063155
2110000 7324.26892845251 -26300.4784826813 2713.34555859506 -6.74740093983171
2120000 7258.47910014535 -26289.8911957366 2688.97308672356 -6.73927076336282
2130000 7343.13979212791 -26332.9982228238 2720.33645074288 -6.756589458969
2140000 7329.68958346879 -26276.1531760731 2715.3536921517 -6.74221089958715
2150000 7543.94574588527 -26243.3069320105 2794.72693914377 -6.75303113282657
2160000 7331.64294351585 -26210.4158427107 2716.07733308567 -6.72709143623172
2170000 7476.5081140779 -26274.5120909895 2769.74402268696 -6.75447816597128
2180000 7238.46789422445 -26278.5404317372 2681.55974387146 -6.7349070175834
2190000 7169.35808707014 -26296.2294124698 2655.95735404535 -6.73306668988724
2200000 7153.26331566902 -26380.1046247049 2649.9948918632 -6.75118593408561
2210000 7480.54293096226 -26164.1550974961 2771.23875923744 -6.72916136203107
2220000 7268.7714635401 -26254.671159776 2692.78599129839 -6.73196677931963
2230000 7607.04832090499 -26162.8111096499 2818.10389230294 -6.73974767487275
2240000 7278.05297651173 -26188.7174016241 2696.22441665451 -6.71742832983223
2250000 7438.46489918478 -26184.5505257531 2755.65054944434 -6.73027931981337
2260000 7204.45295126945 -26277.9134621776 2668.95858254131 -6.73183070807417
2270000 7609.53740259336 -26143.8939176736 2819.02599644878 -6.73556277072612
2280000 7486.47853081132 -26179.9419531097 2773.43765903828 -6.73334409584836
2290000 7448.22749502446 -26223.6154148619 2759.26719655557 -6.74020525846919
2300000 7346.65673475556 -26226.9259211236 2721.63933581603 -6.73222447835805
2310000 7437.15819016669 -26235.1724346041 2755.1664665761 -6.74193927934424
2320000 7399.21926540197 -26195.7010329898 2741.11162861018 -6.72949131665116
2330000 7551.5884480899 -26221.9388023612 2797.5582513587 -6.74872024505115
2340000 7439.23421395185 -26241.5734340758 2755.93554946643 -6.74360674035866
2350000 7603.44652640712 -26172.8203997983 2816.76957304197 -6.74176510996286
2360000 7224.0970931163 -26290.6620667476 2676.23594299234 -6.73648790924185
2370000 7563.0190837584 -26123.3621224955 2801.79283979695 -6.72678022378893
2380000 7598.81280853587 -26158.2616102001 2815.05296788608 -6.73798013443865
2390000 7479.17603087696 -26174.6687924349 2770.732378012 -6.73148864428998
2400000 7482.58956689706 -26159.0650207488 2771.99695511719 -6.72815394787582
2410000 7514.24732892912 -26110.2144946084 2783.72487620309 -6.71952078390965
2420000 7545.53528373668 -26055.9223877945 2795.31579866155 -6.70959027592002
2430000 7564.93298189877 -26131.1306153654 2802.50186168971 -6.72875173885004
2440000 7706.20516973963 -26028.8337566131 2854.83749643708 -6.71713284954657
2450000 7344.4460752285 -26150.7973422614 2720.8203758259 -6.71432970188079
2450000 7344.4460752285 -26150.7973422615 2720.8203758259 -6.71432970188079
2460000 7496.5101712286 -26115.3933162571 2777.15397628954 -6.7191970447783
2470000 7552.45683594603 -26076.8682276141 2797.87995395531 -6.71505771664405
2480000 7451.46389270188 -26252.4226291112 2760.46615106552 -6.74718343725039
2490000 7438.36321616098 -26200.9536651377 2755.6128799945 -6.73408524305399
2500000 7327.0121521136 -26208.6219883936 2714.36181206824 -6.72627530243297
2510000 7425.81214535175 -26097.9002224992 2750.96321562956 -6.70903800886716
2520000 7501.74109731993 -26098.9271287362 2779.09182294917 -6.71581836085707
2530000 7854.54212176208 -25991.8777732039 2909.79034072467 -6.72131816602988
2540000 7450.82898896252 -26073.2584676674 2760.23094489571 -6.70546265408444
2550000 7649.91507061378 -26013.1106271568 2833.98429020613 -6.70862672496814
2560000 7768.19884823936 -26060.9053770529 2877.80364826212 -6.72993233146861
2570000 7496.03271943887 -26100.0773896356 2776.97709970216 -6.71559406728784
2580000 7623.19583867048 -26139.1288550234 2824.08589488086 -6.73563133718704
2590000 7399.00598920224 -26146.526721957 2741.03261839975 -6.71803705589691
2600000 7404.94802255147 -26206.2706544408 2743.23390155233 -6.73244291999839
2610000 7576.47697743788 -26152.7415189661 2806.77844537752 -6.73477208473108
2620000 7333.66464013239 -26224.2936846908 2716.82628995616 -6.73049301735976
2630000 7575.0850262259 -26104.157086354 2806.26278372231 -6.72335345815728
2640000 7608.03118910107 -26051.7269784327 2818.4680052377 -6.71399883341171
2650000 7396.20328428833 -26155.4554811466 2739.99432952689 -6.71987204899384
2660000 7634.75478845672 -26120.1875465432 2828.3680185127 -6.7322222244316
2670000 7342.73678467439 -26214.446324256 2720.1871527727 -6.72898452954155
2680000 7706.29351238432 -25985.4647977233 2854.87022381574 -6.70705465617188
2690000 7382.87547783495 -26081.7042256692 2735.0569160049 -6.70157235852885
2700000 7520.9237543589 -26135.7836696359 2786.19822193413 -6.72604230036512
2710000 7544.63520742024 -26149.0406340215 2794.98235677138 -6.7311681373937
2720000 7481.88162888044 -26136.5991435209 2771.73469270003 -6.72286833400486
2730000 7550.10701213235 -26133.3213976144 2797.00943922263 -6.72798391554351
2740000 7567.63961665387 -26137.8201151428 2803.50456045231 -6.73054062223142
2750000 7581.55418114654 -26067.2477846984 2808.65934410851 -6.7153272392574
2760000 7727.93830688541 -26069.2481076349 2862.88874519991 -6.72840391926391
2770000 7730.43685820015 -26067.4428042642 2863.81435745951 -6.72819933993574
2780000 7511.37323467724 -26094.5082649337 2782.66014046639 -6.71562055939537
2790000 7372.4893112272 -26188.268793086 2731.20926113159 -6.72546001260874
2800000 7453.81662261554 -26216.209549258 2761.33774239076 -6.73896448642994
2810000 7405.79543373602 -26258.8739960231 2743.54783314009 -6.74474926259609
2820000 7496.19276642904 -26189.6506681901 2777.0363906422 -6.73643885089124
2830000 7600.15633605527 -26091.2540399914 2815.55069052068 -6.72251272802606
2840000 7554.99718126848 -26064.4647952213 2798.82104920527 -6.71239205684339
2850000 7474.9338269324 -26194.1997499256 2769.16081293921 -6.73566524717787
2860000 7541.04222792024 -26105.6849965778 2793.65130311078 -6.72077588364852
2870000 7537.61956366606 -26137.1498282007 2792.38334436386 -6.72779841222431
2880000 7484.73513618428 -26142.557539585 2772.79180180469 -6.72449984683482
2890000 7523.89164737386 -26060.7538266193 2787.29770632079 -6.708849193707
2900000 7415.63981485865 -26104.4764640904 2747.19477839253 -6.70969098662395
2910000 7543.8346828246 -26142.3421415991 2794.68579476945 -6.72954138055083
2920000 7428.00081368256 -26099.6334657098 2751.77402877046 -6.70962964987913
2930000 7601.8940734899 -26060.8493157882 2816.19445199317 -6.71559157390264
2940000 7410.30043174821 -26142.8541632715 2745.21675279163 -6.71815602699143
2950000 7339.76791253533 -26228.1853491323 2719.08730566014 -6.73192387320754
2950000 7339.76791253534 -26228.1853491321 2719.08730566015 -6.7319238732075
2960000 7541.681063989 -26063.2978978721 2793.88796604967 -6.71097345672598
2970000 7507.27780986723 -26098.0941119905 2781.14295112949 -6.71610164258605
2980000 7363.47708453214 -26152.2927324671 2727.8705954552 -6.71631705300519
2990000 7581.75063318443 -26094.0686737827 2808.73212164708 -6.72158158033251
3000000 7684.39097171002 -26069.1291753328 2846.75621789363 -6.72462451005267
3010000 7535.03487229951 -26004.5496069005 2791.42582069723 -6.69673847153436
3020000 7602.57275634493 -26098.0104122163 2816.44587655559 -6.72429216017952
3030000 7679.54927843768 -26064.7046879269 2844.96256625892 -6.723178431206
3040000 7592.70147540518 -26003.2215946105 2812.78896600832 -6.70139780479508
3050000 7676.41645676113 -26083.8925239185 2843.80198247029 -6.72737081543926
3060000 7858.31693378677 -25876.9219395545 2911.18875598519 -6.69490946407899
3070000 7669.20212706118 -25975.7478819734 2841.12936495163 -6.70159935975001
3080000 7609.14550767285 -26071.4138207534 2818.88081522286 -6.71867317115727
3090000 7554.93725302844 -26001.4546222559 2798.7988482149 -6.69773336522576
3100000 7390.84172110017 -26112.173985902 2738.00808710382 -6.70934466814088
3110000 7390.78293309768 -26054.9519708302 2737.98630852537 -6.69603215798965
3120000 7693.3949349751 -25992.2588279699 2850.09182230327 -6.70752340704026
3130000 7700.2496009679 -25953.1414781601 2852.63119895763 -6.6990169016553
3140000 7577.84204723297 -26020.9630615527 2807.28414855443 -6.70424353723421
3150000 7732.53917129174 -25930.5002278224 2864.59317947514 -6.69653335053432
3160000 7448.57448792839 -26058.456312957 2759.39574339948 -6.70182605961778
3170000 7650.60110816588 -25949.9463644401 2834.2384393865 -6.69399646600618
3180000 7506.92793129714 -26025.7006247922 2781.01333526292 -6.69923580466397
3190000 7687.41874618421 -26009.8979022664 2847.87788594026 -6.71111064842016
3200000 7435.62834170263 -26042.1037715311 2754.59971956342 -6.69690778862664
3210000 7717.78477846182 -25922.2304443393 2859.12727336957 -6.69333900411833
3220000 7454.25454443787 -26112.6063205265 2761.4999747232 -6.71490844075575
3230000 7615.70200987995 -26017.7096440589 2821.30973424772 -6.70674869262945
3240000 7823.09819483412 -25914.2473647335 2898.14163690068 -6.7005555817754
3250000 7663.82657211473 -26046.4370776387 2839.13793914771 -6.71757558529916
3260000 7642.2219043249 -26062.5934437748 2831.13428308796 -6.71947156438668
3270000 7756.53360868352 -25931.9761012558 2873.48214856734 -6.69894377902863
3280000 7793.3343365774 -25920.5508767175 2887.11533060357 -6.69945725751653
3290000 7813.36754513045 -26004.0330510232 2894.53682454144 -6.72059764548014
3300000 7615.6338777049 -25945.1883648766 2821.28449403107 -6.6898774090483
3310000 7698.23198949152 -26045.3930584297 2851.88375546643 -6.72029693346421
3320000 7556.16133520868 -26126.1947233573 2799.25232117985 -6.72684814989235
3330000 7816.25121965685 -25915.0263685437 2895.60510938257 -6.70014685533168
3340000 7666.85658714918 -25979.7564238151 2840.26043723135 -6.70232950256894
3350000 7796.97640866582 -25933.4403341863 2888.46457108364 -6.70276858262092
3360000 7784.29264009353 -26036.4443009183 2883.76574756172 -6.72563024383255
3370000 7730.42535076975 -25980.0909526969 2863.81009442173 -6.70788396444618
3380000 7933.21769711153 -25867.362621856 2938.93646097635 -6.69913932158891
3390000 7707.49346022714 -26023.4592719629 2855.3147559843 -6.71599395998772
3400000 7695.01687382374 -25937.3139050842 2850.69268508073 -6.69488525352672
3410000 7668.24721870147 -25933.4952730212 2840.77561000598 -6.69169090302957
3420000 7534.83456423625 -25993.3808791567 2791.35161465713 -6.69412383577067
3430000 7653.43975922121 -26053.0276886699 2835.29004485165 -6.71821342640035
3440000 7591.55082213179 -26019.5697163322 2812.36269548503 -6.70510056088773
3450000 7616.39847903012 -25924.2863877531 2821.56774791349 -6.68508235713177
3460000 7574.64221200655 -25963.6825101996 2806.09873895455 -6.69064680212888
3470000 7857.92095940385 -25844.0137787644 2911.04206348336 -6.68722228889484
3480000 7677.52204269867 -25923.8688864763 2844.21155736747 -6.69025126601019
3490000 7784.85606490362 -25862.3168144582 2883.97447367774 -6.68518402049674
3500000 7903.52684070093 -25829.2606402871 2927.93719891217 -6.68772042772077
3510000 7559.80507854267 -25962.6974347809 2800.60218078885 -6.68913944548134
3520000 7638.86935579596 -25882.6825346454 2829.89229938285 -6.67734298465773
3530000 7857.6316752944 -25802.4680135058 2910.93489541495 -6.67753556021414
3540000 7965.07083222195 -25791.883328423 2950.73675988993 -6.68433025309602
3550000 7769.38113509522 -25836.4417574731 2878.24163774894 -6.67783334772605
3560000 7825.26047405799 -25919.1786825647 2898.94267394422 -6.70188868756021
3570000 7721.91673550477 -25890.8696246222 2860.65799642198 -6.68640177233585
3580000 7885.52311284053 -25870.7594794654 2921.26754553033 -6.69582023837111
3590000 7746.96091396225 -25862.0755213086 2869.93585214383 -6.68186311010521
3600000 7925.25882171745 -25752.6860145617 2935.98801937585 -6.67178465905524
3610000 7727.59948587973 -25834.5769611596 2862.76322571396 -6.67380004345898
3620000 7897.0508063074 -25727.0386425398 2925.53808995937 -6.66338993779051
3630000 7955.28846921133 -25785.0379571466 2947.11278984094 -6.68189552255524
3640000 7912.73845718095 -25725.9547889384 2931.34973044367 -6.66448942311212
3650000 7896.0565658777 -25816.4128788796 2925.16976407176 -6.68408898673287
3660000 7909.81125565742 -25827.5362355413 2930.26532060966 -6.68786082701184
3670000 8041.58281937334 -25710.3452902564 2979.08135817605 -6.67195968568197
3680000 8047.42905520888 -25753.5717717065 2981.24715222237 -6.68251602882066
3690000 7934.88315931541 -25747.7959931035 2939.55344739753 -6.67147661407
3700000 7723.58941575952 -25813.7817575857 2861.27765683921 -6.66861846847091
3710000 7874.0043331674 -25791.6397619521 2917.00030330154 -6.67642792215202
3720000 7928.00732657407 -25769.5715705621 2937.00622931848 -6.67594832555362
3730000 8067.30278374944 -25671.4917225911 2988.6095652625 -6.66513983438456
3740000 7782.82156048319 -25774.0883844907 2883.22077203365 -6.66449050151728
3750000 7698.43315915519 -25886.3964419972 2851.95828069465 -6.68333830760277
3760000 7785.17101766589 -25658.0304473241 2884.09115094437 -6.63770269727175
3770000 8057.48037121883 -25629.5081854066 2984.97075848533 -6.6545299869516
3780000 7902.19593900836 -25783.2774763493 2927.44415363602 -6.67691200697332
3790000 7920.47020609339 -25747.7366877954 2934.21403086419 -6.67022109736269
3800000 8027.85928574985 -25666.3428970976 2973.99734373457 -6.660544242054
3810000 8081.82606032489 -25700.8765629064 2993.98985213852 -6.67322474768486
3820000 7822.45772040131 -25733.5716794457 2897.90436701414 -6.6584828015023
3830000 7972.71100887856 -25697.5953823427 2953.56713649142 -6.66306105089166
3840000 7864.81902232327 -25761.8334632436 2913.59751694474 -6.66870487911357
3850000 7812.41664810969 -25722.1553863975 2894.18455563472 -6.65496277721681
3860000 7846.30114545384 -25707.3399815644 2906.73739213924 -6.65443659853574
3870000 7903.04599598986 -25747.1892883305 2927.75906538459 -6.66859264039885
3880000 7807.5882189962 -25837.0003352894 2892.39581783466 -6.68125491933119
3890000 8196.54063277399 -25606.9456638811 3036.48696395971 -6.66126340182344
3900000 7890.10200703875 -25636.7266324726 2922.96384073158 -6.64178848214051
3910000 8115.24201426169 -25619.4238074904 3006.36911225122 -6.65716114412596
3920000 7894.48786792271 -25667.250212769 2924.58862489316 -6.64926484596795
3930000 8077.03450043996 -25583.3056011239 2992.21477289723 -6.64546985442352
3940000 8047.75657949253 -25591.2776611361 2981.36848672948 -6.64480142973618
3950000 7882.83402429668 -25710.1070708707 2920.2713469297 -6.65822753902336
3950000 7882.83402429668 -25710.1070708707 2920.2713469297 -6.65822753902336
3960000 7972.82294847537 -25603.8017869677 2953.60860558694 -6.64125823082666
3970000 8357.4494822234 -25517.2776494352 3096.0971880322 -6.65427321801567
3980000 8008.1866775142 -25676.4444503386 2966.70943763724 -6.66119857859904
3990000 7920.57347782033 -25750.2093669305 2934.25228886432 -6.67080503623135
4000000 8084.18002682959 -25603.3695048933 2994.86190157076 -6.65075148987537
4010000 7995.51448276729 -25635.1466893888 2962.01490174976 -6.65050269561362
4020000 8127.09860513115 -25516.5856626841 3010.76149987243 -6.63426678198988
4030000 8120.6123263604 -25574.3529914982 3008.35859579198 -6.64714222960237
4040000 8071.78291005803 -25560.2860213446 2990.26927095328 -6.63966402146461
4050000 8036.37813295481 -25608.9133914188 2977.15323225447 -6.64792247062168
4060000 8101.32952308889 -25552.7001784445 3001.21509667622 -6.64044541281877
4070000 8254.55151894391 -25487.6347311411 3057.97765222866 -6.63851450776041
4080000 7736.57670071079 -25679.9838879194 2866.08892091007 -6.63862158344872
4090000 8151.32388979789 -25513.6152753639 3019.73598854813 -6.63566308463071
4100000 8070.4882991228 -25601.0319735635 2989.78966993568 -6.64902828918586
4110000 8075.2736958031 -25610.9692055372 2991.5624659588 -6.6517515515107
4120000 8091.02694613147 -25509.0470538653 2997.3984083893 -6.62940592145456
4130000 7928.22290983665 -25450.3323080518 2937.08609420244 -6.60172520982658
4140000 7975.71009427634 -25590.291662679 2954.67817639498 -6.63836507885442
4150000 7943.63786180688 -25605.5499750503 2942.79671076676 -6.63915039205049
4160000 8122.0226244059 -25557.8603169723 3008.88105420735 -6.64342822585574
4170000 8176.6550079968 -25482.6670129198 3029.12014384481 -6.63064817599177
4180000 7875.81922121852 -25709.2879283948 2917.67264595866 -6.6574326917101
4190000 7837.24570937697 -25621.6865381049 2903.38271913359 -6.6337370365671
4200000 8040.8262341578 -25462.2736373729 2978.80107393822 -6.61420342123514
4210000 7955.94025525595 -25545.3377808898 2947.3542502224 -6.62620744909585
4220000 7970.81242780682 -25495.6350819126 2952.8637889534 -6.61592996996884
4230000 7915.96197348066 -25505.9907681082 2932.54391292391 -6.61361271651908
4240000 7885.17361837583 -25401.2728558444 2921.13807195927 -6.58660719251248
4250000 8032.35893063369 -25501.4598045674 2975.66428026846 -6.62258699647346
4260000 7948.70252993991 -25473.5070709212 2944.67296557372 -6.60887907825462
4270000 7975.05951811461 -25371.9864590716 2954.43716422623 -6.58754037751111
4280000 8120.21020650395 -25429.0324751558 3008.20962664064 -6.61331211669685
4290000 7928.31844033142 -25460.474308715 2937.12148438898 -6.60409204490791
4300000 8071.36946728283 -25487.9666501743 2990.11610711826 -6.6228099435564
4310000 8064.35941339162 -25390.1345248438 2987.51916552899 -6.59945434659832
4320000 8236.40286937228 -25230.2465719762 3051.25431121119 -6.57709322864823
4330000 7940.08186980385 -25332.6322114342 2941.47935947859 -6.5753747839332
4340000 7761.05138735525 -25422.6718018416 2875.15580293659 -6.58089014064609
4350000 7925.0303500631 -25428.4641311916 2935.90337986374 -6.59636453745472
4360000 7871.43083544187 -25383.0921645424 2916.0469264264 -6.58119513743461
4370000 7903.91259833922 -25363.0750781834 2928.08010652313 -6.57933841504802
4380000 7911.74933186557 -25421.6767965043 2930.98329949915 -6.59364188279149
4390000 7845.96810864356 -25393.4597314987 2906.61401546385 -6.5814124992936
4400000 7923.0807048837 -25373.4040292714 2935.18111513807 -6.58339189404873
4410000 7985.96896121627 -25414.0331416402 2958.47867188737 -6.59825856128549
4420000 7806.28408747714 -25437.8639666836 2891.91268982563 -6.58832015267657
4430000 7891.32284646552 -25310.4111811159 2923.41611238746 -6.56600634732637
4440000 8010.27247532343 -25267.3725951285 2967.48214140837 -6.56624528756672
4450000 7984.14470364304 -25315.9057231577 2957.80285820106 -6.57528106543227
4460000 7989.17414632323 -25305.613816619 2959.66606340172 -6.57332090233039
4470000 8207.01611240468 -25313.3764462714 3040.36770569759 -6.59389398883
4480000 7993.77097762724 -25361.9961070157 2961.36900357557 -6.58682909548634
4490000 7888.41759788786 -25377.1093800097 2922.33983523246 -6.58126725935865
4500000 7798.01443755563 -25334.970816437 2888.84911882559 -6.56367905471223
4510000 8012.30539922532 -25285.416680857 2968.23525753423 -6.57061672985842
4520000 8000.55858333216 -25244.6072513955 2963.88353710415 -6.5601141368604
4530000 8012.60408097046 -25238.4044132611 2968.34590704677 -6.55970937681579
4540000 7918.81913973921 -25233.1017027102 2933.60237752338 -6.55039629772874
4550000 7831.52536195351 -25377.089650344 2901.26356165499 -6.57636121209278
4560000 8257.23078321477 -25145.6547683843 3058.97021133328 -6.55921511156223
4570000 7893.92945025393 -25240.33355521 2924.38175372059 -6.54993379277455
4580000 7938.07043558106 -25237.1415781347 2940.73420441013 -6.55299436803367
4590000 8064.52645896183 -25180.1369648543 2987.58104916004 -6.55063209628241
4600000 8156.49675861155 -25108.0934645445 3021.65232733331 -6.54180134694833
4610000 8011.4230981543 -25179.9131451708 2967.90840065394 -6.54600501065692
4620000 7966.19403060614 -25170.5222130276 2951.15285948662 -6.53992443546843
4630000 7976.07752771856 -25254.4214090139 2954.81429563203 -6.56028737317347
4640000 7794.89131966188 -25220.0540628482 2887.69212989622 -6.53668516110335
4650000 8065.374530652 -25254.2579517837 2987.89522543843 -6.56794259935399
4660000 7940.11163632193 -25267.1448961816 2941.49038677024 -6.56014774022135
4670000 7941.00224084107 -25098.721363523 2941.8203197424 -6.52105620541056
4680000 7672.98833876065 -25345.5341538025 2842.53200333083 -6.55536422258915
4690000 7961.39932552163 -25245.9569742154 2949.37661507603 -6.55705432309102
4700000 8055.25906162964 -25100.6844356571 2984.14785307771 -6.5313563462174
4710000 8200.70241962386 -25155.564672182 3038.02873774973 -6.55664963021668
4720000 8267.23518113334 -25182.0494189123 3062.67643634003 -6.5685408965703
4730000 7991.8991054297 -25052.5479515992 2960.67555059575 -6.51470314004534
4740000 8110.59064244885 -25035.1047245651 3004.64596702361 -6.52087225385783
4750000 7962.34206627209 -25225.9176873265 2949.72586241432 -6.55247524412576
4760000 7867.98977575614 -25179.7147834798 2914.77215291572 -6.53360161311523
4770000 7904.98717719645 -25198.1490974864 2928.47819455049 -6.54107611442719
4780000 8189.05032532095 -25052.5333972503 3033.71210783977 -6.53168500118375
4790000 7910.66385775983 -25171.8707361914 2930.58117522265 -6.535453932887
4800000 8048.95933538928 -25080.7860308276 2981.8140591685 -6.52618606744095
4810000 7950.44101278168 -25091.7901609691 2945.31700318942 -6.52025748003686
4820000 7972.19596936603 -25132.2079524961 2953.37633517221 -6.53153122969031
4830000 8112.00088095726 -25084.9741095521 3005.16840338289 -6.5325912820779
4840000 7883.59076845284 -25094.6499748238 2920.55169004861 -6.51516317787728
4850000 7997.47646923345 -25114.9975354074 2962.74173842329 -6.52970680786761
4860000 7917.53496968707 -25131.0440167637 2933.12664443091 -6.52655131655689
4870000 8008.44646523389 -25073.1897480404 2966.80567848562 -6.52092916895953
4880000 8261.0227379699 -25049.649093153 3060.37497728245 -6.53721490010127
4890000 8084.94327288644 -25083.8504146039 2995.14465338104 -6.52999885301974
4900000 8223.56203133402 -25037.2916415443 3046.49729980157 -6.53111370728972
4910000 7998.61518899503 -25131.5768892884 2963.16358806285 -6.5336605761282
4920000 8093.28061946573 -24996.0313231569 2998.23330325618 -6.51029409916585
4930000 8096.20025277838 -24974.9317990658 2999.31490937401 -6.50563876940459
4940000 7995.47252808949 -24991.2913621211 2961.99935923763 -6.5007652840369
4950000 8291.13022803263 -24950.2290338378 3071.52858527256 -6.51668781839775
4950000 8291.13022803263 -24950.2290338379 3071.52858527256 -6.51668781839778
4960000 7909.51594893724 -25141.9987236639 2930.15592140743 -6.52840805699333
4970000 8069.18919877776 -25017.1863843791 2989.30840577324 -6.51313832329123
4980000 8020.4101486334 -25009.0298212271 2971.23773956005 -6.50703896762491
4990000 8164.50550127818 -24939.0072477977 3024.61924274245 -6.5031689512884
5000000 7970.33720343512 -24984.9486938041 2952.68773753436 -6.49712475147406
5010000 7852.39779839611 -25021.5955721278 2908.99595560063 -6.49548640179731
5020000 8129.23350726561 -24961.0649008705 3011.55239481104 -6.50525983620501
5030000 8214.46451553855 -24857.1848440482 3043.12703796124 -6.48844462372314
5040000 8217.76416764862 -24831.3514759612 3044.34942568146 -6.48272113991689
5050000 8178.68957859612 -25001.3036742539 3029.8738700055 -6.51887849866498
5060000 8234.49607515818 -24816.0360409257 3050.54792103593 -6.48060092138642
5070000 8096.49432405188 -24931.2545761744 2999.42385089317 -6.49550661094594
5080000 8111.97034045972 -24890.4140807349 3005.15708936314 -6.48734213258093
5090000 7999.46904992532 -24999.6008057365 2963.47990902069 -6.5030420266877
5100000 8056.77129363398 -24922.3518011444 2984.7080739042 -6.4900139244299
5110000 8166.96540629113 -24911.5657596026 3025.53053810948 -6.49699913900281
5120000 8049.69181902291 -24883.2163868501 2982.08541474453 -6.48030274455689
5130000 8049.27284123436 -24845.8224658838 2981.93020041081 -6.47157038751036
5140000 8217.15943166371 -24707.0677747824 3044.12539544516 -6.4537658535413
5150000 8039.07701251361 -24809.5280210903 2978.15305803034 -6.46225141374899
5160000 8390.93171159666 -24736.7004120896 3108.50100051495 -6.47562823548942
5170000 8245.14933779792 -24716.1551980452 3054.49452419188 -6.45829063307838
5180000 8345.83827740212 -24718.9876927441 3091.79570602225 -6.46762404622472
5190000 8034.95801304115 -24828.550101213 2976.627135234 -6.46632028754582
5200000 8323.61229089946 -24669.7023120483 3083.56187649585 -6.45424748570793
5210000 8300.59386943347 -24693.3017458272 3075.03448184927 -6.45775261108754
5220000 8176.82327178513 -24586.5118173224 3029.18247877642 -6.42225448746484
5230000 8461.826641169 -24701.6447905406 3134.76470603439 -6.47358360385465
5240000 8222.32529989016 -24692.5868890843 3046.03914079578 -6.45084326276281
5250000 8492.45780600474 -24422.211043362 3146.11231435865 -6.4112379901676
5260000 8247.51083758756 -24666.7340376897 3055.36936440166 -6.44700079118404
5270000 8098.95852619752 -24656.5848677013 3000.33673817417 -6.43184223392451
5280000 8230.41570825493 -24509.5963729985 3049.03631004478 -6.40898434489379
5290000 8372.78836971785 -24453.8694385445 3101.77962578311 -6.4082904800762
5300000 8608.21370180839 -24478.0566131597 3188.99519438779 -6.43419809477848
5310000 7897.52183165953 -24685.6888687536 2925.7125858114 -6.42125615222441
5320000 8621.47453348458 -24306.0132257236 3193.90779646226 -6.39533047027578
5330000 8150.8302632533 -24649.3976153769 3019.55311986793 -6.43463970587088
5340000 8202.8034333604 -24646.9967550579 3038.80707840683 -6.4385590310383
5350000 8435.26288021177 -24464.6373262949 3124.92390642463 -6.41617703086502
5360000 8499.78950993353 -24422.3214884829 3148.82841428431 -6.41189532622493
5370000 8486.42028657116 -24453.2479031889 3143.87565747179 -6.41793571178157
5380000 8434.42666398693 -24413.9133901127 3124.61412211689 -6.40430872377431
5390000 8557.60352523657 -24167.9835525696 3170.24616985547 -6.35772784242443
5400000 8552.84348423861 -24262.186278188 3168.48276708768 -6.37922535936645
5410000 8505.12648126934 -24265.7440860998 3150.80554642021 -6.37594177500464
5420000 8748.21769685747 -24248.4380969184 3240.86101497178 -6.39286025857911
5430000 8524.8220339671 -24281.8111509201 3158.10195251324 -6.38137514033333
5440000 8542.15200709851 -24185.2898178095 3164.52200700414 -6.36042135460782
5450000 8410.11486201503 -24169.3211136102 3115.60758227704 -6.34533225485751
5460000 8323.5970316216 -24180.6654253473 3083.55622355025 -6.3405166625343
5470000 8597.07807595425 -24140.3072937409 3184.86989516017 -6.35469236951187
5480000 8495.52994860618 -24051.6024033592 3147.25041900287 -6.32531460985164
5490000 8534.78659473846 -24005.8084628169 3161.79341946734 -6.31804694936842
5500000 8460.15321229415 -24065.4586145488 3134.14476828366 -6.32548915879824
5510000 8696.51057146167 -24035.6485517408 3221.70561524371 -6.33891957371734
5520000 8622.14422962831 -24027.8134190282 3194.15589181143 -6.33069053740457
5530000 8521.86600280669 -23877.2132069375 3157.00686246418 -6.28702792311667
5540000 8607.81542675613 -23952.9262811771 3188.84764958097 -6.31204044901351
5550000 8620.29069631715 -24005.6867356392 3193.46923264767 -6.32538510890394
5560000 8299.97040997117 -23952.2071758846 3074.80351532148 -6.28535132353629
5570000 8738.63275036681 -23853.9122907678 3237.31017976299 -6.30028429547227
5580000 8420.91880401387 -24059.6812531253 3119.61000604441 -6.32076540910924
5590000 8343.43174281831 -24057.2370795538 3090.90418224174 -6.31352122367338
5600000 8410.70820045297 -23928.758525902 3115.82739018293 -6.28943858513604
5610000 8456.35660868138 -23770.3962155362 3132.73828012067 -6.25654290596671
5620000 8763.36126414521 -23761.4810553392 3246.47109448181 -6.28091910460954
5630000 8801.6539336454 -23718.6478108468 3260.6569805723 -6.27425692823699
5640000 8472.66203735269 -23649.6191611312 3138.77878230573 -6.2298599868458
5650000 9062.58887437398 -23598.2090007194 3357.32282796599 -6.26872833225242
5660000 8715.49555845274 -23811.5802461058 3228.73878546662 -6.28844628641219
5670000 8855.78266950788 -23624.842369553 3280.70948908605 -6.25710508340442
5680000 8559.47284594563 -23715.4945648632 3170.93867761196 -6.25265889359888
5690000 8610.9709879912 -23705.6319964022 3190.0166574568 -6.25480201252534
5700000 8717.1779879669 -23581.6124622382 3229.36205759037 -6.23511035344851
5710000 8857.12735796396 -23574.8635900553 3281.20764180076 -6.24559796089676
5720000 8486.86825923663 -23611.1706803952 3144.04161323531 -6.22214239386755
5730000 8895.16713212107 -23600.0185283355 3295.29984038979 -6.25472520202914
5740000 8996.00144839279 -23455.3721600994 3332.6548783987 -6.22977372988328
5750000 8914.28762053226 -23447.5301793217 3302.38320841129 -6.22091009017047
5760000 8623.04027134333 -23526.9088531105 3194.48783904487 -6.21427830050125
5770000 8833.30892573407 -23535.5161032827 3272.38387550614 -6.23439534390439
5780000 8614.14888704649 -23625.0531341058 3191.19394059203 -6.23633652899951
5790000 8637.19579279304 -23360.4419535005 3199.7318875131 -6.17678461418922
5800000 9003.0344275291 -23250.2922871851 3335.26031286453 -6.18268665117433
5810000 8633.57477166297 -23368.5865171921 3198.39044556213 -6.17836673552425
5820000 8763.2663360906 -23306.1039000703 3246.43592747499 -6.17500926221984
5830000 8455.18368645727 -23390.4378263509 3132.30375985135 -6.16807943865169
5840000 9030.8620725497 -23264.2067011587 3345.56933042797 -6.18832000734573
5850000 8855.75147622074 -23307.0500480167 3280.69793323414 -6.18319720494207
5860000 9115.3007476045 -23030.5035496333 3376.85044615047 -6.14124511529855
5870000 8834.3081393099 -23034.155370686 3272.75404374334 -6.11788591033241
5880000 8828.4267526057 -23144.0166212339 3270.57522772114 -6.14292833696628
5890000 8780.79146378868 -23195.4368662546 3252.92827884383 -6.15078259188335
5900000 8993.3810686014 -23110.0290500536 3331.68413361335 -6.14923562410859
5910000 8914.21770499857 -23158.4565516651 3302.35730753235 -6.15367764167382
5920000 9124.69918606002 -23029.1055301486 3380.33218767172 -6.14172970181867
5930000 9042.91518954466 -23019.6286329158 3350.03452303422 -6.13247980370931
5940000 9171.72859769012 -22976.845800566 3397.75468354351 -6.13362801956036
5950000 8970.91405916066 -23070.9401126846 3323.3610148316 -6.13820956453865
5950000 8970.91405916066 -23070.9401126844 3323.3610148316 -6.1382095645386
5960000 9110.06779341012 -22954.9200882107 3374.91184816064 -6.12321672938869
5970000 9233.92985658854 -22841.8105691633 3420.79773551494 -6.10758332666935
5980000 8783.86802974133 -23012.504908257 3254.06802216086 -6.10850533265531
5990000 8877.64766605615 -23163.1837422227 3288.80958642716 -6.15162635549998
6000000 8865.44267681103 -23097.4300844824 3284.28813129158 -6.13528330599396
6010000 8927.53566182087 -22958.7289021617 3307.2910721642 -6.10837673821531
6020000 8714.98634647447 -23136.0137017628 3228.55014301328 -6.13129391738979
6030000 8953.5679994338 -22894.9093506665 3316.93500090738 -6.09577775617997
6040000 8986.93978067775 -22981.9463210892 3329.29789682303 -6.11889400416564
6050000 9154.98618552218 -22792.8373943268 3391.55229663776 -6.08939295138711
6060000 9005.85467230068 -23064.8863039173 3336.30509954561 -6.13981195429371
6070000 9127.63910538375 -23015.9062462265 3381.4213089366 -6.13891338492165
6080000 9012.69362556359 -23032.2249014254 3338.83865526873 -6.13280547830096
6090000 9112.4155997783 -22869.7696882241 3375.78161551132 -6.10361658226404
6100000 8767.38874172773 -23100.1620411783 3247.96311211765 -6.12747096588278
6110000 9212.51084936421 -22857.4895400936 3412.86285918949 -6.10938427890305
6120000 8994.56246900802 -22953.5141108464 3332.12179470656 -6.11293858268674
6130000 8891.43281124266 -22953.5371643982 3293.91642546213 -6.10405897438612
6140000 9048.96518792158 -22919.446713146 3352.27580286513 -6.10970291070026
6150000 8871.51524986989 -22868.5236765991 3286.53777412958 -6.08257243040202
6160000 8874.51476821653 -22997.6879271689 3287.64897442319 -6.11286904688189
6170000 8850.27205272508 -22889.6641032151 3278.66802833157 -6.08565863524341
6180000 9148.59614501815 -22747.3391460381 3389.18504494476 -6.07826143976345
6190000 8904.8177723036 -22854.6438543863 3298.87501245579 -6.08221368996327
6200000 9120.02817847715 -22785.2889817577 3378.60176818509 -6.08462575580064
6210000 9105.70401691015 -22800.9413821236 3373.29524537058 -6.08703177383585
6220000 8955.34604049129 -22826.3330506488 3317.59369324288 -6.07998296369574
6230000 9198.61700186358 -22838.8858080838 3407.71575034137 -6.10386082754074
6240000 9042.54100576984 -22886.785698562 3349.89590307182 -6.10155386084507
6250000 8993.08778993239 -22814.283876518 3331.5754857221 -6.08043240982329
6260000 8990.83439254463 -22938.0615132796 3330.74069308224 -6.10902376892136
6270000 8874.69116077724 -22916.3426256762 3287.71432073637 -6.09396673172385
6280000 9184.69819385635 -22944.5685749742 3402.55939463457 -6.12723906269972
6290000 9027.54350265745 -22970.8896712928 3344.33993443419 -6.11982083854115
6300000 8925.23194055808 -22972.932464366 3306.43763656295 -6.1114814188207
6310000 9051.81468774476 -22984.4759787074 3353.33142736022 -6.12507148978315
6320000 8965.54056947274 -22828.0723785224 3321.37035412249 -6.08126575177789
6330000 9025.73708036063 -22810.0526878202 3343.67072799681 -6.08226125949233
6340000 9014.36391288963 -22826.5689697849 3339.45742920262 -6.08512241836918
6350000 9147.88390819596 -22767.7302932339 3388.92118999391 -6.08294220540182
6360000 9028.98720354296 -22855.7854376701 3344.87476725149 -6.09317679184222
6370000 8773.11179363348 -22848.4915597559 3250.08327149762 -6.06943600726827
6380000 8851.93441812292 -22950.0169244558 3279.28386751129 -6.09983739348073
6390000 8868.40003487345 -22904.2488179161 3285.38371290419 -6.09061221646983
6400000 9057.58713430034 -22920.8970419036 3355.4698854612 -6.11078300636391
6410000 8786.40173413878 -22911.9192661645 3255.00665721656 -6.08533161008861
6420000 8936.4482300477 -22767.501305103 3310.59281840675 -6.06467305197902
6430000 9084.62127824287 -22821.6003942201 3365.48494295205 -6.09001984585399
6440000 9352.0361666258 -22594.2854922956 3464.55134900349 -6.0601946142556
6450000 8988.45359758604 -22792.6445793015 3329.85870479236 -6.07500076374275
6460000 8934.47341339024 -22736.0261372733 3309.861228666 -6.05718310835796
6470000 8930.90655457413 -22772.3232430659 3308.53985166286 -6.06531699877414
6480000 9248.99509561158 -22780.8804643728 3426.37879756928 -6.0947114562656
6490000 9062.2870426021 -22672.0410074748 3357.21101149589 -6.05331442301645
6500000 9043.64124815895 -22709.6526744575 3350.30349840031 -6.06045492392043
6510000 8950.559785529 -22692.2197011662 3315.82057926098 -6.04838146056445
6520000 9036.49497648146 -22593.0873925085 3347.65609362776 -6.03273104328751
6530000 8968.05673063324 -22655.6575428557 3322.30249011807 -6.04138605417994
6540000 8960.12754745945 -22700.1259520868 3319.36504828489 -6.05104441869109
6550000 8851.08401903906 -22643.6571713443 3278.96882902762 -6.0285176745051
6560000 8943.6674130867 -22630.9445454202 3313.26723389134 -6.0335376230957
6570000 8953.50476028233 -22646.3675936751 3316.91157335817 -6.03797189931006
6580000 9019.65906335307 -22614.9694469303 3341.41906839588 -6.03636942216887
6590000 9192.24541260852 -22581.2423549814 3405.35533409023 -6.04339481141202
6600000 9143.77891723639 -22569.996348247 3387.40045678531 -6.03660390814705
6610000 9125.21772115473 -22482.4869655683 3380.52428396282 -6.01465377896073
6620000 8972.72434787054 -22609.3122739072 3324.03165361873 -6.03101021570369
6630000 8910.31103871216 -22717.3373135452 3300.91004559799 -6.05075519980075
6640000 8851.93626252326 -22668.8238061718 3279.28455078706 -6.03444380394392
6650000 8957.81261766352 -22668.4530717681 3318.50746037522 -6.04347919352171
6660000 8742.12414786733 -22646.7368957607 3238.60360139918 -6.01984662724648
6670000 8993.55188561586 -22605.2752923625 3331.74741441202 -6.03186574576153
6680000 8919.85081252837 -22612.63557864 3304.44414615698 -6.02722784297605
6690000 9233.48454722441 -22491.4972854394 3420.63276639691 -6.02607675624101
6700000 8902.76834286697 -22583.7583068828 3298.11578169653 -6.01904048571613
6710000 9142.88431821263 -22462.4020426497 3387.06904401066 -6.0115049038745
6720000 9212.06535222645 -22500.926832741 3412.69782050891 -6.0264243379651
6730000 8889.70968993555 -22426.6506844353 3293.27807867404 -5.98137878211844
6740000 9002.63995486695 -22579.4077791941 3335.11417668953 -6.02663301299621
6750000 8965.39142064012 -22540.9994187114 3321.31510050926 -6.01449174865597
6760000 9294.34344738175 -22325.7803091497 3443.17852871886 -5.9927811250857
6770000 8910.83872635862 -22476.5046553784 3301.10553253954 -5.99479306695766
6780000 8852.70214081385 -22645.1731764613 3279.56827773353 -6.02900964051041
6790000 9125.15958690967 -22630.9654111519 3380.50274757507 -6.04917864156441
6800000 8958.7431883876 -22533.2483722016 3318.8521992107 -6.01211641195635
6810000 8914.2247686484 -22571.567492063 3302.35992432907 -6.01719242241676
6820000 9150.37452042841 -22405.9476489599 3389.84386114445 -5.99902128141963
6830000 9068.7162684112 -22445.3279032229 3359.59277976037 -6.00114434487984
6840000 8830.96038219403 -22573.5818030786 3271.51383506308 -6.01048735770735
6850000 8860.24308317146 -22550.1368111982 3282.36189203873 -6.00755783796208
6860000 9165.13426580577 -22366.1237767023 3395.31175015247 -5.99103151787321
6870000 8974.27712338123 -22562.7012779617 3324.60689417537 -6.02030422607839
6880000 8868.51258244742 -22624.4928064485 3285.42540723068 -6.02556237527422
6780000 8852.70214081385 -22645.1731764613 3279.56827773353 -6.02900964051041
6790000 9125.15958690967 -22630.9654111519 3380.50274757507 -6.04917864156441
6800000 8958.7431883876 -22533.2483722016 3318.8521992107 -6.01211641195635
6810000 8914.2247686484 -22571.567492063 3302.35992432907 -6.01719242241676
6820000 9150.37452042841 -22405.9476489599 3389.84386114445 -5.99902128141963
6830000 9068.7162684112 -22445.3279032229 3359.59277976037 -6.00114434487984
6840000 8830.96038219403 -22573.5818030786 3271.51383506308 -6.01048735770735
6850000 8860.24308317146 -22550.1368111982 3282.36189203873 -6.00755783796208
6860000 9165.13426580577 -22366.1237767023 3395.31175015247 -5.99103151787321
6870000 8974.27712338123 -22562.7012779617 3324.60689417537 -6.02030422607839
6880000 8868.51258244742 -22624.4928064485 3285.42540723068 -6.02556237527422
6810000 8914.2247686484 -22571.567492063 3302.35992432907 -6.01719242241676
6820000 9150.37452042841 -22405.9476489599 3389.84386114445 -5.99902128141963
6830000 9068.7162684112 -22445.3279032229 3359.59277976037 -6.00114434487984
6840000 8830.96038219403 -22573.5818030786 3271.51383506308 -6.01048735770735
6850000 8860.24308317146 -22550.1368111982 3282.36189203873 -6.00755783796208
6860000 9165.13426580577 -22366.1237767023 3395.31175015247 -5.99103151787321
6870000 8974.27712338123 -22562.7012779617 3324.60689417537 -6.02030422607839
6880000 8868.51258244742 -22624.4928064485 3285.42540723068 -6.02556237527422
6830000 9068.7162684112 -22445.3279032229 3359.59277976037 -6.00114434487984
6840000 8830.96038219403 -22573.5818030786 3271.51383506308 -6.01048735770735
6850000 8860.24308317146 -22550.1368111982 3282.36189203873 -6.00755783796208
6860000 9165.13426580577 -22366.1237767023 3395.31175015247 -5.99103151787321
6870000 8974.27712338123 -22562.7012779617 3324.60689417537 -6.02030422607839
6880000 8868.51258244742 -22624.4928064485 3285.42540723068 -6.02556237527422
6850000 8860.24308317146 -22550.1368111982 3282.36189203873 -6.00755783796208
6860000 9165.13426580577 -22366.1237767023 3395.31175015247 -5.99103151787321
6870000 8974.27712338123 -22562.7012779617 3324.60689417537 -6.02030422607839
6880000 8868.51258244742 -22624.4928064485 3285.42540723068 -6.02556237527422
6870000 8974.27712338123 -22562.7012779617 3324.60689417537 -6.02030422607839
6880000 8868.51258244742 -22624.4928064485 3285.42540723068 -6.02556237527422
6890000 9331.90372876151 -22344.2183746206 3457.09309461709 -6.00030499284598
6890000 9331.90372876151 -22344.2183746206 3457.09309461709 -6.00030499284598
6900000 9014.35464042124 -22472.0105769087 3339.45399412791 -6.00266617931083
6910000 9074.12164848756 -22350.6995659883 3361.59525456925 -5.97960344664128
6910000 9074.12164848756 -22350.6995659883 3361.59525456925 -5.97960344664128
6920000 9095.68957273062 -22405.6130101524 3369.58529863026 -5.99423216483317
6930000 8977.92970633764 -22495.1524363546 3325.96002850714 -6.00490987554924
6930000 8977.92970633764 -22495.1524363546 3325.96002850714 -6.00490987554924
6940000 8781.93152573302 -22475.5866345561 3253.35062570786 -5.98347378145673
6950000 8986.75930041512 -22399.4561271059 3329.23103618153 -5.98341561936917
6950000 8986.75930041512 -22399.4561271056 3329.23103618153 -5.98341561936911
6960000 11622.6250076037 -19978.1936318615 4305.71272732613 -5.64742008353201
6970000 11453.7909873426 -20159.2095083378 4243.16654783843 -5.67497117585495
6980000 11165.8151565634 -20435.1517449693 4136.48314379356 -5.71433369506113
6990000 11146.1248667638 -20475.9849195334 4129.18868739155 -5.72213339695929
7000000 10828.2078677139 -20628.2674255948 4011.41329085703 -5.7301583061516
7010000 10314.8038119742 -20987.1863706994 3821.21784227179 -5.76939632859795
7020000 10515.9426530224 -21093.3072796449 3895.73165195712 -5.81140440269814
7030000 9726.98288904413 -21302.6425103635 3603.45395265194 -5.79211545651522
7040000 9769.27516464043 -21665.791695598 3619.12153111924 -5.88021237830634
7050000 9749.45467377051 -21694.5080517321 3611.77884048398 -5.88518299818978